   0.00000  -3.00000  -3.00000   3.00000   3.00000
   0.01000  -2.99993  -2.99993   2.99993   2.99993
   0.02000  -2.99970  -2.99970   2.99970   2.99970
   0.03000  -2.99933  -2.99933   2.99933   2.99933
   0.04000  -2.99880  -2.99880   2.99880   2.99880
   0.05000  -2.99813  -2.99813   2.99813   2.99813
   0.06000  -2.99730  -2.99730   2.99730   2.99730
   0.07000  -2.99633  -2.99633   2.99633   2.99633
   0.08000  -2.99520  -2.99520   2.99520   2.99520
   0.09000  -2.99393  -2.99393   2.99393   2.99393
   0.10000  -2.99250  -2.99250   2.99250   2.99250
   0.11000  -2.99093  -2.99093   2.99093   2.99093
   0.12000  -2.98921  -2.98921   2.98921   2.98921
   0.13000  -2.98734  -2.98734   2.98734   2.98734
   0.14000  -2.98532  -2.98532   2.98532   2.98532
   0.15000  -2.98315  -2.98315   2.98315   2.98315
   0.16000  -2.98083  -2.98083   2.98083   2.98083
   0.17000  -2.97836  -2.97836   2.97836   2.97836
   0.18000  -2.97575  -2.97575   2.97575   2.97575
   0.19000  -2.97299  -2.97299   2.97299   2.97299
   0.20000  -2.97007  -2.97007   2.97007   2.97007
   0.21000  -2.96702  -2.96702   2.96702   2.96702
   0.22000  -2.96381  -2.96381   2.96381   2.96381
   0.23000  -2.96046  -2.96046   2.96046   2.96046
   0.24000  -2.95696  -2.95696   2.95696   2.95696
   0.25000  -2.95331  -2.95331   2.95331   2.95331
   0.26000  -2.94951  -2.94951   2.94951   2.94951
   0.27000  -2.94557  -2.94557   2.94557   2.94557
   0.28000  -2.94149  -2.94149   2.94149   2.94149
   0.29000  -2.93726  -2.93726   2.93726   2.93726
   0.30000  -2.93288  -2.93288   2.93288   2.93288
   0.31000  -2.92836  -2.92836   2.92836   2.92836
   0.32000  -2.92369  -2.92369   2.92369   2.92369
   0.33000  -2.91888  -2.91888   2.91888   2.91888
   0.34000  -2.91392  -2.91392   2.91392   2.91392
   0.35000  -2.90883  -2.90883   2.90883   2.90883
   0.36000  -2.90358  -2.90358   2.90358   2.90358
   0.37000  -2.89820  -2.89820   2.89820   2.89820
   0.38000  -2.89267  -2.89267   2.89267   2.89267
   0.39000  -2.88701  -2.88701   2.88701   2.88701
   0.40000  -2.88120  -2.88120   2.88120   2.88120
   0.41000  -2.87524  -2.87524   2.87524   2.87524
   0.42000  -2.86915  -2.86915   2.86915   2.86915
   0.43000  -2.86292  -2.86292   2.86292   2.86292
   0.44000  -2.85655  -2.85655   2.85655   2.85655
   0.45000  -2.85004  -2.85004   2.85004   2.85004
   0.46000  -2.84339  -2.84339   2.84339   2.84339
   0.47000  -2.83660  -2.83660   2.83660   2.83660
   0.48000  -2.82967  -2.82967   2.82967   2.82967
   0.49000  -2.82261  -2.82261   2.82261   2.82261
   0.50000  -2.81541  -2.81541   2.81541   2.81541
   0.51000  -2.80808  -2.80808   2.80808   2.80808
   0.52000  -2.80060  -2.80060   2.80060   2.80060
   0.53000  -2.79300  -2.79300   2.79300   2.79300
   0.54000  -2.78526  -2.78526   2.78526   2.78526
   0.55000  -2.77738  -2.77738   2.77738   2.77738
   0.56000  -2.76937  -2.76937   2.76937   2.76937
   0.57000  -2.76123  -2.76123   2.76123   2.76123
   0.58000  -2.75296  -2.75296   2.75296   2.75296
   0.59000  -2.74456  -2.74456   2.74456   2.74456
   0.60000  -2.73602  -2.73602   2.73602   2.73602
   0.61000  -2.72736  -2.72736   2.72736   2.72736
   0.62000  -2.71856  -2.71856   2.71856   2.71856
   0.63000  -2.70964  -2.70964   2.70964   2.70964
   0.64000  -2.70058  -2.70058   2.70058   2.70058
   0.65000  -2.69140  -2.69140   2.69140   2.69140
   0.66000  -2.68210  -2.68210   2.68210   2.68210
   0.67000  -2.67267  -2.67267   2.67267   2.67267
   0.68000  -2.66311  -2.66311   2.66311   2.66311
   0.69000  -2.65342  -2.65342   2.65342   2.65342
   0.70000  -2.64362  -2.64362   2.64362   2.64362
   0.71000  -2.63369  -2.63369   2.63369   2.63369
   0.72000  -2.62364  -2.62364   2.62364   2.62364
   0.73000  -2.61346  -2.61346   2.61346   2.61346
   0.74000  -2.60317  -2.60317   2.60317   2.60317
   0.75000  -2.59275  -2.59275   2.59275   2.59275
   0.76000  -2.58221  -2.58221   2.58221   2.58221
   0.77000  -2.57156  -2.57156   2.57156   2.57156
   0.78000  -2.56079  -2.56079   2.56079   2.56079
   0.79000  -2.54990  -2.54990   2.54990   2.54990
   0.80000  -2.53890  -2.53890   2.53890   2.53890
   0.81000  -2.52778  -2.52778   2.52778   2.52778
   0.82000  -2.51654  -2.51654   2.51654   2.51654
   0.83000  -2.50519  -2.50519   2.50519   2.50519
   0.84000  -2.49373  -2.49373   2.49373   2.49373
   0.85000  -2.48216  -2.48216   2.48216   2.48216
   0.86000  -2.47047  -2.47047   2.47047   2.47047
   0.87000  -2.45868  -2.45868   2.45868   2.45868
   0.88000  -2.44677  -2.44677   2.44677   2.44677
   0.89000  -2.43476  -2.43476   2.43476   2.43476
   0.90000  -2.42264  -2.42264   2.42264   2.42264
   0.91000  -2.41041  -2.41041   2.41041   2.41041
   0.92000  -2.39808  -2.39808   2.39808   2.39808
   0.93000  -2.38564  -2.38564   2.38564   2.38564
   0.94000  -2.37310  -2.37310   2.37310   2.37310
   0.95000  -2.36045  -2.36045   2.36045   2.36045
   0.96000  -2.34771  -2.34771   2.34771   2.34771
   0.97000  -2.33486  -2.33486   2.33486   2.33486
   0.98000  -2.32191  -2.32191   2.32191   2.32191
   0.99000  -2.30886  -2.30886   2.30886   2.30886
   1.00000  -2.29572  -2.29572   2.29572   2.29572
   1.01000  -2.28248  -2.28248   2.28248   2.28248
   1.02000  -2.26914  -2.26914   2.26914   2.26914
   1.03000  -2.25570  -2.25570   2.25570   2.25570
   1.04000  -2.24218  -2.24218   2.24218   2.24218
   1.05000  -2.22855  -2.22855   2.22855   2.22855
   1.06000  -2.21484  -2.21484   2.21484   2.21484
   1.07000  -2.20104  -2.20104   2.20104   2.20104
   1.08000  -2.18714  -2.18714   2.18714   2.18714
   1.09000  -2.17316  -2.17316   2.17316   2.17316
   1.10000  -2.15909  -2.15909   2.15909   2.15909
   1.11000  -2.14493  -2.14493   2.14493   2.14493
   1.12000  -2.13068  -2.13068   2.13068   2.13068
   1.13000  -2.11636  -2.11636   2.11636   2.11636
   1.14000  -2.10194  -2.10194   2.10194   2.10194
   1.15000  -2.08745  -2.08745   2.08745   2.08745
   1.16000  -2.07287  -2.07287   2.07287   2.07287
   1.17000  -2.05821  -2.05821   2.05821   2.05821
   1.18000  -2.04348  -2.04348   2.04348   2.04348
   1.19000  -2.02866  -2.02866   2.02866   2.02866
   1.20000  -2.01377  -2.01377   2.01377   2.01377
   1.21000  -1.99880  -1.99880   1.99880   1.99880
   1.22000  -1.98376  -1.98376   1.98376   1.98376
   1.23000  -1.96864  -1.96864   1.96864   1.96864
   1.24000  -1.95345  -1.95345   1.95345   1.95345
   1.25000  -1.93819  -1.93819   1.93819   1.93819
   1.26000  -1.92286  -1.92286   1.92286   1.92286
   1.27000  -1.90746  -1.90746   1.90746   1.90746
   1.28000  -1.89199  -1.89199   1.89199   1.89199
   1.29000  -1.87645  -1.87645   1.87645   1.87645
   1.30000  -1.86085  -1.86085   1.86085   1.86085
   1.31000  -1.84518  -1.84518   1.84518   1.84518
   1.32000  -1.82945  -1.82945   1.82945   1.82945
   1.33000  -1.81366  -1.81366   1.81366   1.81366
   1.34000  -1.79781  -1.79781   1.79781   1.79781
   1.35000  -1.78190  -1.78190   1.78190   1.78190
   1.36000  -1.76593  -1.76593   1.76593   1.76593
   1.37000  -1.74990  -1.74990   1.74990   1.74990
   1.38000  -1.73381  -1.73381   1.73381   1.73381
   1.39000  -1.71767  -1.71767   1.71767   1.71767
   1.40000  -1.70148  -1.70148   1.70148   1.70148
   1.41000  -1.68523  -1.68523   1.68523   1.68523
   1.42000  -1.66894  -1.66894   1.66894   1.66894
   1.43000  -1.65259  -1.65259   1.65259   1.65259
   1.44000  -1.63619  -1.63619   1.63619   1.63619
   1.45000  -1.61975  -1.61975   1.61975   1.61975
   1.46000  -1.60326  -1.60326   1.60326   1.60326
   1.47000  -1.58672  -1.58672   1.58672   1.58672
   1.48000  -1.57014  -1.57014   1.57014   1.57014
   1.49000  -1.55352  -1.55352   1.55352   1.55352
   1.50000  -1.53685  -1.53685   1.53685   1.53685
   1.51000  -1.52015  -1.52015   1.52015   1.52015
   1.52000  -1.50340  -1.50340   1.50340   1.50340
   1.53000  -1.48662  -1.48662   1.48662   1.48662
   1.54000  -1.46980  -1.46980   1.46980   1.46980
   1.55000  -1.45295  -1.45295   1.45295   1.45295
   1.56000  -1.43606  -1.43606   1.43606   1.43606
   1.57000  -1.41914  -1.41914   1.41914   1.41914
   1.58000  -1.40219  -1.40219   1.40219   1.40219
   1.59000  -1.38521  -1.38521   1.38521   1.38521
   1.60000  -1.36820  -1.36820   1.36820   1.36820
   1.61000  -1.35116  -1.35116   1.35116   1.35116
   1.62000  -1.33410  -1.33410   1.33410   1.33410
   1.63000  -1.31701  -1.31701   1.31701   1.31701
   1.64000  -1.29989  -1.29989   1.29989   1.29989
   1.65000  -1.28276  -1.28276   1.28276   1.28276
   1.66000  -1.26560  -1.26560   1.26560   1.26560
   1.67000  -1.24842  -1.24842   1.24842   1.24842
   1.68000  -1.23123  -1.23123   1.23123   1.23123
   1.69000  -1.21402  -1.21402   1.21402   1.21402
   1.70000  -1.19679  -1.19679   1.19679   1.19679
   1.71000  -1.17954  -1.17954   1.17954   1.17954
   1.72000  -1.16229  -1.16229   1.16229   1.16229
   1.73000  -1.14502  -1.14502   1.14502   1.14502
   1.74000  -1.12774  -1.12774   1.12774   1.12774
   1.75000  -1.11045  -1.11045   1.11045   1.11045
   1.76000  -1.09315  -1.09315   1.09315   1.09315
   1.77000  -1.07584  -1.07584   1.07584   1.07584
   1.78000  -1.05853  -1.05853   1.05853   1.05853
   1.79000  -1.04122  -1.04122   1.04122   1.04122
   1.80000  -1.02390  -1.02390   1.02390   1.02390
   1.81000  -1.00658  -1.00658   1.00658   1.00658
   1.82000  -0.98926  -0.98926   0.98926   0.98926
   1.83000  -0.97194  -0.97194   0.97194   0.97194
   1.84000  -0.95462  -0.95462   0.95462   0.95462
   1.85000  -0.93731  -0.93731   0.93731   0.93731
   1.86000  -0.92000  -0.92000   0.92000   0.92000
   1.87000  -0.90270  -0.90270   0.90270   0.90270
   1.88000  -0.88540  -0.88540   0.88540   0.88540
   1.89000  -0.86811  -0.86811   0.86811   0.86811
   1.90000  -0.85083  -0.85083   0.85083   0.85083
   1.91000  -0.83357  -0.83357   0.83357   0.83357
   1.92000  -0.81631  -0.81631   0.81631   0.81631
   1.93000  -0.79907  -0.79907   0.79907   0.79907
   1.94000  -0.78185  -0.78185   0.78185   0.78185
   1.95000  -0.76464  -0.76464   0.76464   0.76464
   1.96000  -0.74745  -0.74745   0.74745   0.74745
   1.97000  -0.73028  -0.73028   0.73028   0.73028
   1.98000  -0.71313  -0.71313   0.71313   0.71313
   1.99000  -0.69599  -0.69599   0.69599   0.69599
   2.00000  -0.67889  -0.67889   0.67889   0.67889
   2.01000  -0.66180  -0.66180   0.66180   0.66180
   2.02000  -0.64475  -0.64475   0.64475   0.64475
   2.03000  -0.62771  -0.62771   0.62771   0.62771
   2.04000  -0.61071  -0.61071   0.61071   0.61071
   2.05000  -0.59374  -0.59374   0.59374   0.59374
   2.06000  -0.57679  -0.57679   0.57679   0.57679
   2.07000  -0.55988  -0.55988   0.55988   0.55988
   2.08000  -0.54300  -0.54300   0.54300   0.54300
   2.09000  -0.52616  -0.52616   0.52616   0.52616
   2.10000  -0.50935  -0.50935   0.50935   0.50935
   2.11000  -0.49257  -0.49257   0.49257   0.49257
   2.12000  -0.47584  -0.47584   0.47584   0.47584
   2.13000  -0.45914  -0.45914   0.45914   0.45914
   2.14000  -0.44249  -0.44249   0.44249   0.44249
   2.15000  -0.42588  -0.42588   0.42588   0.42588
   2.16000  -0.40931  -0.40931   0.40931   0.40931
   2.17000  -0.39278  -0.39278   0.39278   0.39278
   2.18000  -0.37630  -0.37630   0.37630   0.37630
   2.19000  -0.35987  -0.35987   0.35987   0.35987
   2.20000  -0.34348  -0.34348   0.34348   0.34348
   2.21000  -0.32715  -0.32715   0.32715   0.32715
   2.22000  -0.31086  -0.31086   0.31086   0.31086
   2.23000  -0.29463  -0.29463   0.29463   0.29463
   2.24000  -0.27845  -0.27845   0.27845   0.27845
   2.25000  -0.26232  -0.26232   0.26232   0.26232
   2.26000  -0.24625  -0.24625   0.24625   0.24625
   2.27000  -0.23023  -0.23023   0.23023   0.23023
   2.28000  -0.21428  -0.21428   0.21428   0.21428
   2.29000  -0.19838  -0.19838   0.19838   0.19838
   2.30000  -0.18254  -0.18254   0.18254   0.18254
   2.31000  -0.16676  -0.16676   0.16676   0.16676
   2.32000  -0.15105  -0.15105   0.15105   0.15105
   2.33000  -0.13540  -0.13540   0.13540   0.13540
   2.34000  -0.11981  -0.11981   0.11981   0.11981
   2.35000  -0.10429  -0.10429   0.10429   0.10429
   2.36000  -0.08884  -0.08884   0.08884   0.08884
   2.37000  -0.07346  -0.07346   0.07346   0.07346
   2.38000  -0.05814  -0.05814   0.05814   0.05814
   2.39000  -0.04290  -0.04290   0.04290   0.04290
   2.40000  -0.02772  -0.02772   0.02772   0.02772
   2.41000  -0.01263  -0.01263   0.01263   0.01263
   2.42000  -0.00240  -0.00240   0.00240   0.00240
   2.43000  -0.01735  -0.01735   0.01735   0.01735
   2.44000  -0.03222  -0.03222   0.03222   0.03222
   2.45000  -0.04702  -0.04702   0.04702   0.04702
   2.46000  -0.06174  -0.06174   0.06174   0.06174
   2.47000  -0.07638  -0.07638   0.07638   0.07638
   2.48000  -0.09093  -0.09093   0.09093   0.09093
   2.49000  -0.10541  -0.10541   0.10541   0.10541
   2.50000  -0.11980  -0.11980   0.11980   0.11980
   2.51000  -0.13411  -0.13411   0.13411   0.13411
   2.52000  -0.14834  -0.14834   0.14834   0.14834
   2.53000  -0.16247  -0.16247   0.16247   0.16247
   2.54000  -0.17652  -0.17652   0.17652   0.17652
   2.55000  -0.19049  -0.19049   0.19049   0.19049
   2.56000  -0.20436  -0.20436   0.20436   0.20436
   2.57000  -0.21814  -0.21814   0.21814   0.21814
   2.58000  -0.23183  -0.23183   0.23183   0.23183
   2.59000  -0.24543  -0.24543   0.24543   0.24543
   2.60000  -0.25894  -0.25894   0.25894   0.25894
   2.61000  -0.27235  -0.27235   0.27235   0.27235
   2.62000  -0.28566  -0.28566   0.28566   0.28566
   2.63000  -0.29888  -0.29888   0.29888   0.29888
   2.64000  -0.31201  -0.31201   0.31201   0.31201
   2.65000  -0.32503  -0.32503   0.32503   0.32503
   2.66000  -0.33795  -0.33795   0.33795   0.33795
   2.67000  -0.35078  -0.35078   0.35078   0.35078
   2.68000  -0.36350  -0.36350   0.36350   0.36350
   2.69000  -0.37612  -0.37612   0.37612   0.37612
   2.70000  -0.38864  -0.38864   0.38864   0.38864
   2.71000  -0.40105  -0.40105   0.40105   0.40105
   2.72000  -0.41336  -0.41336   0.41336   0.41336
   2.73000  -0.42556  -0.42556   0.42556   0.42556
   2.74000  -0.43765  -0.43765   0.43765   0.43765
   2.75000  -0.44964  -0.44964   0.44964   0.44964
   2.76000  -0.46152  -0.46152   0.46152   0.46152
   2.77000  -0.47329  -0.47329   0.47329   0.47329
   2.78000  -0.48495  -0.48495   0.48495   0.48495
   2.79000  -0.49649  -0.49649   0.49649   0.49649
   2.80000  -0.50793  -0.50793   0.50793   0.50793
   2.81000  -0.51925  -0.51925   0.51925   0.51925
   2.82000  -0.53046  -0.53046   0.53046   0.53046
   2.83000  -0.54155  -0.54155   0.54155   0.54155
   2.84000  -0.55253  -0.55253   0.55253   0.55253
   2.85000  -0.56339  -0.56339   0.56339   0.56339
   2.86000  -0.57413  -0.57413   0.57413   0.57413
   2.87000  -0.58475  -0.58475   0.58475   0.58475
   2.88000  -0.59526  -0.59526   0.59526   0.59526
   2.89000  -0.60565  -0.60565   0.60565   0.60565
   2.90000  -0.61591  -0.61591   0.61591   0.61591
   2.91000  -0.62606  -0.62606   0.62606   0.62606
   2.92000  -0.63608  -0.63608   0.63608   0.63608
   2.93000  -0.64598  -0.64598   0.64598   0.64598
   2.94000  -0.65576  -0.65576   0.65576   0.65576
   2.95000  -0.66541  -0.66541   0.66541   0.66541
   2.96000  -0.67494  -0.67494   0.67494   0.67494
   2.97000  -0.68434  -0.68434   0.68434   0.68434
   2.98000  -0.69362  -0.69362   0.69362   0.69362
   2.99000  -0.70277  -0.70277   0.70277   0.70277
   3.00000  -0.71179  -0.71179   0.71179   0.71179
   3.01000  -0.72068  -0.72068   0.72068   0.72068
   3.02000  -0.72945  -0.72945   0.72945   0.72945
   3.03000  -0.73808  -0.73808   0.73808   0.73808
   3.04000  -0.74659  -0.74659   0.74659   0.74659
   3.05000  -0.75496  -0.75496   0.75496   0.75496
   3.06000  -0.76320  -0.76320   0.76320   0.76320
   3.07000  -0.77131  -0.77131   0.77131   0.77131
   3.08000  -0.77929  -0.77929   0.77929   0.77929
   3.09000  -0.78713  -0.78713   0.78713   0.78713
   3.10000  -0.79484  -0.79484   0.79484   0.79484
   3.11000  -0.80241  -0.80241   0.80241   0.80241
   3.12000  -0.80985  -0.80985   0.80985   0.80985
   3.13000  -0.81715  -0.81715   0.81715   0.81715
   3.14000  -0.82432  -0.82432   0.82432   0.82432
   3.15000  -0.83135  -0.83135   0.83135   0.83135
   3.16000  -0.83824  -0.83824   0.83824   0.83824
   3.17000  -0.84500  -0.84500   0.84500   0.84500
   3.18000  -0.85161  -0.85161   0.85161   0.85161
   3.19000  -0.85809  -0.85809   0.85809   0.85809
   3.20000  -0.86443  -0.86443   0.86443   0.86443
   3.21000  -0.87063  -0.87063   0.87063   0.87063
   3.22000  -0.87669  -0.87669   0.87669   0.87669
   3.23000  -0.88260  -0.88260   0.88260   0.88260
   3.24000  -0.88838  -0.88838   0.88838   0.88838
   3.25000  -0.89401  -0.89401   0.89401   0.89401
   3.26000  -0.89951  -0.89951   0.89951   0.89951
   3.27000  -0.90486  -0.90486   0.90486   0.90486
   3.28000  -0.91006  -0.91006   0.91006   0.91006
   3.29000  -0.91513  -0.91513   0.91513   0.91513
   3.30000  -0.92005  -0.92005   0.92005   0.92005
   3.31000  -0.92482  -0.92482   0.92482   0.92482
   3.32000  -0.92946  -0.92946   0.92946   0.92946
   3.33000  -0.93394  -0.93394   0.93394   0.93394
   3.34000  -0.93829  -0.93829   0.93829   0.93829
   3.35000  -0.94248  -0.94248   0.94248   0.94248
   3.36000  -0.94653  -0.94653   0.94653   0.94653
   3.37000  -0.95044  -0.95044   0.95044   0.95044
   3.38000  -0.95420  -0.95420   0.95420   0.95420
   3.39000  -0.95781  -0.95781   0.95781   0.95781
   3.40000  -0.96127  -0.96127   0.96127   0.96127
   3.41000  -0.96459  -0.96459   0.96459   0.96459
   3.42000  -0.96776  -0.96776   0.96776   0.96776
   3.43000  -0.97079  -0.97079   0.97079   0.97079
   3.44000  -0.97366  -0.97366   0.97366   0.97366
   3.45000  -0.97639  -0.97639   0.97639   0.97639
   3.46000  -0.97897  -0.97897   0.97897   0.97897
   3.47000  -0.98140  -0.98140   0.98140   0.98140
   3.48000  -0.98368  -0.98368   0.98368   0.98368
   3.49000  -0.98582  -0.98582   0.98582   0.98582
   3.50000  -0.98780  -0.98780   0.98780   0.98780
   3.51000  -0.98964  -0.98964   0.98964   0.98964
   3.52000  -0.99132  -0.99132   0.99132   0.99132
   3.53000  -0.99286  -0.99286   0.99286   0.99286
   3.54000  -0.99425  -0.99425   0.99425   0.99425
   3.55000  -0.99549  -0.99549   0.99549   0.99549
   3.56000  -0.99657  -0.99657   0.99657   0.99657
   3.57000  -0.99751  -0.99751   0.99751   0.99751
   3.58000  -0.99830  -0.99830   0.99830   0.99830
   3.59000  -0.99894  -0.99894   0.99894   0.99894
   3.60000  -0.99943  -0.99943   0.99943   0.99943
   3.61000  -0.99977  -0.99977   0.99977   0.99977
   3.62000  -0.99996  -0.99996   0.99996   0.99996
