   0.00100   2.58742
   0.00200   2.58742
   0.00300   2.58742
   0.00400   2.58742
   0.00500   2.58742
   0.00600   2.58742
   0.00700   2.58742
   0.00800   2.58742
   0.00900   2.58742
   0.01000   2.58742
   0.01100   2.58742
   0.01200   2.58742
   0.01300   2.58743
   0.01400   2.58743
   0.01500   2.58743
   0.01600   2.58743
   0.01700   2.58743
   0.01800   2.58743
   0.01900   2.58743
   0.02000   2.58743
   0.02100   2.58744
   0.02200   2.58744
   0.02300   2.58744
   0.02400   2.58744
   0.02500   2.58744
   0.02600   2.58745
   0.02700   2.58745
   0.02800   2.58745
   0.02900   2.58745
   0.03000   2.58746
   0.03100   2.58746
   0.03200   2.58746
   0.03300   2.58746
   0.03400   2.58747
   0.03500   2.58747
   0.03600   2.58747
   0.03700   2.58748
   0.03800   2.58748
   0.03900   2.58748
   0.04000   2.58749
   0.04100   2.58749
   0.04200   2.58749
   0.04300   2.58750
   0.04400   2.58750
   0.04500   2.58750
   0.04600   2.58751
   0.04700   2.58751
   0.04800   2.58751
   0.04900   2.58752
   0.05000   2.58752
   0.05100   2.58753
   0.05200   2.58753
   0.05300   2.58754
   0.05400   2.58754
   0.05500   2.58754
   0.05600   2.58755
   0.05700   2.58755
   0.05800   2.58756
   0.05900   2.58756
   0.06000   2.58757
   0.06100   2.58757
   0.06200   2.58758
   0.06300   2.58758
   0.06400   2.58759
   0.06500   2.58759
   0.06600   2.58760
   0.06700   2.58761
   0.06800   2.58761
   0.06900   2.58762
   0.07000   2.58762
   0.07100   2.58763
   0.07200   2.58763
   0.07300   2.58764
   0.07400   2.58765
   0.07500   2.58765
   0.07600   2.58766
   0.07700   2.58767
   0.07800   2.58767
   0.07900   2.58768
   0.08000   2.58769
   0.08100   2.58769
   0.08200   2.58770
   0.08300   2.58771
   0.08400   2.58771
   0.08500   2.58772
   0.08600   2.58773
   0.08700   2.58773
   0.08800   2.58774
   0.08900   2.58775
   0.09000   2.58776
   0.09100   2.58776
   0.09200   2.58777
   0.09300   2.58778
   0.09400   2.58779
   0.09500   2.58780
   0.09600   2.58780
   0.09700   2.58781
   0.09800   2.58782
   0.09900   2.58783
   0.10000   2.58784
   0.10100   2.58784
   0.10200   2.58785
   0.10300   2.58786
   0.10400   2.58787
   0.10500   2.58788
   0.10600   2.58789
   0.10700   2.58790
   0.10800   2.58791
   0.10900   2.58791
   0.11000   2.58792
   0.11100   2.58793
   0.11200   2.58794
   0.11300   2.58795
   0.11400   2.58796
   0.11500   2.58797
   0.11600   2.58798
   0.11700   2.58799
   0.11800   2.58800
   0.11900   2.58801
   0.12000   2.58802
   0.12100   2.58803
   0.12200   2.58804
   0.12300   2.58805
   0.12400   2.58806
   0.12500   2.58807
   0.12600   2.58808
   0.12700   2.58809
   0.12800   2.58810
   0.12900   2.58811
   0.13000   2.58812
   0.13100   2.58814
   0.13200   2.58815
   0.13300   2.58816
   0.13400   2.58817
   0.13500   2.58818
   0.13600   2.58819
   0.13700   2.58820
   0.13800   2.58821
   0.13900   2.58823
   0.14000   2.58824
   0.14100   2.58825
   0.14200   2.58826
   0.14300   2.58827
   0.14400   2.58829
   0.14500   2.58830
   0.14600   2.58831
   0.14700   2.58832
   0.14800   2.58833
   0.14900   2.58835
   0.15000   2.58836
   0.15100   2.58837
   0.15200   2.58838
   0.15300   2.58840
   0.15400   2.58841
   0.15500   2.58842
   0.15600   2.58844
   0.15700   2.58845
   0.15800   2.58846
   0.15900   2.58848
   0.16000   2.58849
   0.16100   2.58850
   0.16200   2.58852
   0.16300   2.58853
   0.16400   2.58854
   0.16500   2.58856
   0.16600   2.58857
   0.16700   2.58858
   0.16800   2.58860
   0.16900   2.58861
   0.17000   2.58863
   0.17100   2.58864
   0.17200   2.58865
   0.17300   2.58867
   0.17400   2.58868
   0.17500   2.58870
   0.17600   2.58871
   0.17700   2.58873
   0.17800   2.58874
   0.17900   2.58876
   0.18000   2.58877
   0.18100   2.58879
   0.18200   2.58880
   0.18300   2.58882
   0.18400   2.58883
   0.18500   2.58885
   0.18600   2.58886
   0.18700   2.58888
   0.18800   2.58890
   0.18900   2.58891
   0.19000   2.58893
   0.19100   2.58894
   0.19200   2.58896
   0.19300   2.58897
   0.19400   2.58899
   0.19500   2.58901
   0.19600   2.58902
   0.19700   2.58904
   0.19800   2.58906
   0.19900   2.58907
   0.20000   2.58909
   0.20100   2.58911
   0.20200   2.58915
   0.20300   2.58920
   0.20400   2.58925
   0.20500   2.58932
   0.20600   2.58941
   0.20700   2.58950
   0.20800   2.58960
   0.20900   2.58972
   0.21000   2.58985
   0.21100   2.58998
   0.21200   2.59013
   0.21300   2.59029
   0.21400   2.59046
   0.21500   2.59064
   0.21600   2.59082
   0.21700   2.59102
   0.21800   2.59123
   0.21900   2.59145
   0.22000   2.59167
   0.22100   2.59191
   0.22200   2.59216
   0.22300   2.59241
   0.22400   2.59267
   0.22500   2.59295
   0.22600   2.59323
   0.22700   2.59351
   0.22800   2.59381
   0.22900   2.59412
   0.23000   2.59443
   0.23100   2.59476
   0.23200   2.59509
   0.23300   2.59542
   0.23400   2.59577
   0.23500   2.59612
   0.23600   2.59649
   0.23700   2.59685
   0.23800   2.59723
   0.23900   2.59762
   0.24000   2.59801
   0.24100   2.59840
   0.24200   2.59881
   0.24300   2.59922
   0.24400   2.59964
   0.24500   2.60007
   0.24600   2.60050
   0.24700   2.60094
   0.24800   2.60139
   0.24900   2.60184
   0.25000   2.60230
   0.25100   2.60276
   0.25200   2.60324
   0.25300   2.60371
   0.25400   2.60420
   0.25500   2.60469
   0.25600   2.60519
   0.25700   2.60569
   0.25800   2.60620
   0.25900   2.60671
   0.26000   2.60723
   0.26100   2.60776
   0.26200   2.60829
   0.26300   2.60882
   0.26400   2.60937
   0.26500   2.60991
   0.26600   2.61047
   0.26700   2.61103
   0.26800   2.61159
   0.26900   2.61216
   0.27000   2.61273
   0.27100   2.61331
   0.27200   2.61390
   0.27300   2.61449
   0.27400   2.61508
   0.27500   2.61568
   0.27600   2.61629
   0.27700   2.61690
   0.27800   2.61751
   0.27900   2.61813
   0.28000   2.61875
   0.28100   2.61938
   0.28200   2.62001
   0.28300   2.62065
   0.28400   2.62129
   0.28500   2.62194
   0.28600   2.62259
   0.28700   2.62324
   0.28800   2.62390
   0.28900   2.62457
   0.29000   2.62523
   0.29100   2.62591
   0.29200   2.62658
   0.29300   2.62726
   0.29400   2.62795
   0.29500   2.62864
   0.29600   2.62933
   0.29700   2.63002
   0.29800   2.63073
   0.29900   2.63143
   0.30000   2.63214
   0.30100   2.63285
   0.30200   2.63357
   0.30300   2.63429
   0.30400   2.63501
   0.30500   2.63574
   0.30600   2.63647
   0.30700   2.63720
   0.30800   2.63794
   0.30900   2.63868
   0.31000   2.63943
   0.31100   2.64018
   0.31200   2.64093
   0.31300   2.64169
   0.31400   2.64245
   0.31500   2.64321
   0.31600   2.64397
   0.31700   2.64474
   0.31800   2.64552
   0.31900   2.64629
   0.32000   2.64707
   0.32100   2.64786
   0.32200   2.64864
   0.32300   2.64943
   0.32400   2.65022
   0.32500   2.65102
   0.32600   2.65182
   0.32700   2.65262
   0.32800   2.65342
   0.32900   2.65423
   0.33000   2.65504
   0.33100   2.65586
   0.33200   2.65667
   0.33300   2.65749
   0.33400   2.65832
   0.33500   2.65914
   0.33600   2.65997
   0.33700   2.66080
   0.33800   2.66164
   0.33900   2.66247
   0.34000   2.66331
   0.34100   2.66416
   0.34200   2.66500
   0.34300   2.66585
   0.34400   2.66670
   0.34500   2.66756
   0.34600   2.66841
   0.34700   2.66927
   0.34800   2.67013
   0.34900   2.67100
   0.35000   2.67187
   0.35100   2.67274
   0.35200   2.67361
   0.35300   2.67448
   0.35400   2.67536
   0.35500   2.67624
   0.35600   2.67712
   0.35700   2.67801
   0.35800   2.67890
   0.35900   2.67979
   0.36000   2.68068
   0.36100   2.68157
   0.36200   2.68247
   0.36300   2.68337
   0.36400   2.68427
   0.36500   2.68518
   0.36600   2.68608
   0.36700   2.68699
   0.36800   2.68790
   0.36900   2.68882
   0.37000   2.68973
   0.37100   2.69065
   0.37200   2.69157
   0.37300   2.69250
   0.37400   2.69342
   0.37500   2.69435
   0.37600   2.69528
   0.37700   2.69621
   0.37800   2.69714
   0.37900   2.69808
   0.38000   2.69902
   0.38100   2.69996
   0.38200   2.70090
   0.38300   2.70184
   0.38400   2.70279
   0.38500   2.70374
   0.38600   2.70469
   0.38700   2.70564
   0.38800   2.70660
   0.38900   2.70756
   0.39000   2.70851
   0.39100   2.70948
   0.39200   2.71044
   0.39300   2.71140
   0.39400   2.71237
   0.39500   2.71334
   0.39600   2.71431
   0.39700   2.71528
   0.39800   2.71626
   0.39900   2.71723
   0.40000   2.71821
   0.40100   2.71919
   0.40200   2.72018
   0.40300   2.72116
   0.40400   2.72215
   0.40500   2.72314
   0.40600   2.72412
   0.40700   2.72512
   0.40800   2.72611
   0.40900   2.72711
   0.41000   2.72810
   0.41100   2.72910
   0.41200   2.73010
   0.41300   2.73111
   0.41400   2.73211
   0.41500   2.73312
   0.41600   2.73412
   0.41700   2.73513
   0.41800   2.73615
   0.41900   2.73716
   0.42000   2.73817
   0.42100   2.73919
   0.42200   2.74021
   0.42300   2.74123
   0.42400   2.74225
   0.42500   2.74327
   0.42600   2.74430
   0.42700   2.74532
   0.42800   2.74635
   0.42900   2.74738
   0.43000   2.74841
   0.43100   2.74945
   0.43200   2.75048
   0.43300   2.75152
   0.43400   2.75256
   0.43500   2.75360
   0.43600   2.75464
   0.43700   2.75568
   0.43800   2.75672
   0.43900   2.75777
   0.44000   2.75882
   0.44100   2.75987
   0.44200   2.76092
   0.44300   2.76197
   0.44400   2.76302
   0.44500   2.76408
   0.44600   2.76514
   0.44700   2.76619
   0.44800   2.76725
   0.44900   2.76831
   0.45000   2.76938
   0.45100   2.77044
   0.45200   2.77151
   0.45300   2.77257
   0.45400   2.77364
   0.45500   2.77471
   0.45600   2.77578
   0.45700   2.77686
   0.45800   2.77793
   0.45900   2.77901
   0.46000   2.78008
   0.46100   2.78116
   0.46200   2.78224
   0.46300   2.78332
   0.46400   2.78441
   0.46500   2.78549
   0.46600   2.78658
   0.46700   2.78766
   0.46800   2.78875
   0.46900   2.78984
   0.47000   2.79093
   0.47100   2.79202
   0.47200   2.79312
   0.47300   2.79421
   0.47400   2.79531
   0.47500   2.79641
   0.47600   2.79751
   0.47700   2.79861
   0.47800   2.79971
   0.47900   2.80081
   0.48000   2.80191
   0.48100   2.80302
   0.48200   2.80413
   0.48300   2.80523
   0.48400   2.80634
   0.48500   2.80745
   0.48600   2.80857
   0.48700   2.80968
   0.48800   2.81079
   0.48900   2.81191
   0.49000   2.81303
   0.49100   2.81415
   0.49200   2.81526
   0.49300   2.81639
   0.49400   2.81751
   0.49500   2.81863
   0.49600   2.81975
   0.49700   2.82088
   0.49800   2.82201
   0.49900   2.82314
