   0.00100   3.08891
   0.00200   3.08891
   0.00300   3.08891
   0.00400   3.08891
   0.00500   3.08891
   0.00600   3.08891
   0.00700   3.08891
   0.00800   3.08891
   0.00900   3.08891
   0.01000   3.08891
   0.01100   3.08891
   0.01200   3.08892
   0.01300   3.08892
   0.01400   3.08892
   0.01500   3.08892
   0.01600   3.08892
   0.01700   3.08892
   0.01800   3.08893
   0.01900   3.08893
   0.02000   3.08893
   0.02100   3.08893
   0.02200   3.08894
   0.02300   3.08894
   0.02400   3.08894
   0.02500   3.08894
   0.02600   3.08895
   0.02700   3.08895
   0.02800   3.08895
   0.02900   3.08896
   0.03000   3.08896
   0.03100   3.08896
   0.03200   3.08897
   0.03300   3.08897
   0.03400   3.08898
   0.03500   3.08898
   0.03600   3.08898
   0.03700   3.08899
   0.03800   3.08899
   0.03900   3.08900
   0.04000   3.08900
   0.04100   3.08901
   0.04200   3.08901
   0.04300   3.08902
   0.04400   3.08902
   0.04500   3.08903
   0.04600   3.08903
   0.04700   3.08904
   0.04800   3.08904
   0.04900   3.08905
   0.05000   3.08906
   0.05100   3.08906
   0.05200   3.08907
   0.05300   3.08907
   0.05400   3.08908
   0.05500   3.08909
   0.05600   3.08909
   0.05700   3.08910
   0.05800   3.08911
   0.05900   3.08911
   0.06000   3.08912
   0.06100   3.08913
   0.06200   3.08914
   0.06300   3.08914
   0.06400   3.08915
   0.06500   3.08916
   0.06600   3.08917
   0.06700   3.08917
   0.06800   3.08918
   0.06900   3.08919
   0.07000   3.08920
   0.07100   3.08921
   0.07200   3.08922
   0.07300   3.08922
   0.07400   3.08923
   0.07500   3.08924
   0.07600   3.08925
   0.07700   3.08926
   0.07800   3.08927
   0.07900   3.08928
   0.08000   3.08929
   0.08100   3.08930
   0.08200   3.08931
   0.08300   3.08932
   0.08400   3.08933
   0.08500   3.08934
   0.08600   3.08935
   0.08700   3.08936
   0.08800   3.08937
   0.08900   3.08938
   0.09000   3.08939
   0.09100   3.08940
   0.09200   3.08941
   0.09300   3.08942
   0.09400   3.08943
   0.09500   3.08944
   0.09600   3.08946
   0.09700   3.08947
   0.09800   3.08948
   0.09900   3.08949
   0.10000   3.08950
   0.10100   3.08951
   0.10200   3.08953
   0.10300   3.08954
   0.10400   3.08955
   0.10500   3.08956
   0.10600   3.08958
   0.10700   3.08959
   0.10800   3.08960
   0.10900   3.08961
   0.11000   3.08963
   0.11100   3.08964
   0.11200   3.08965
   0.11300   3.08967
   0.11400   3.08968
   0.11500   3.08969
   0.11600   3.08971
   0.11700   3.08972
   0.11800   3.08974
   0.11900   3.08975
   0.12000   3.08976
   0.12100   3.08978
   0.12200   3.08979
   0.12300   3.08981
   0.12400   3.08982
   0.12500   3.08984
   0.12600   3.08985
   0.12700   3.08987
   0.12800   3.08988
   0.12900   3.08990
   0.13000   3.08991
   0.13100   3.08993
   0.13200   3.08994
   0.13300   3.08996
   0.13400   3.08998
   0.13500   3.08999
   0.13600   3.09001
   0.13700   3.09002
   0.13800   3.09004
   0.13900   3.09006
   0.14000   3.09007
   0.14100   3.09009
   0.14200   3.09011
   0.14300   3.09012
   0.14400   3.09014
   0.14500   3.09016
   0.14600   3.09018
   0.14700   3.09019
   0.14800   3.09021
   0.14900   3.09023
   0.15000   3.09025
   0.15100   3.09026
   0.15200   3.09028
   0.15300   3.09030
   0.15400   3.09032
   0.15500   3.09034
   0.15600   3.09036
   0.15700   3.09037
   0.15800   3.09039
   0.15900   3.09041
   0.16000   3.09043
   0.16100   3.09045
   0.16200   3.09047
   0.16300   3.09049
   0.16400   3.09051
   0.16500   3.09053
   0.16600   3.09055
   0.16700   3.09057
   0.16800   3.09059
   0.16900   3.09061
   0.17000   3.09063
   0.17100   3.09065
   0.17200   3.09067
   0.17300   3.09069
   0.17400   3.09071
   0.17500   3.09073
   0.17600   3.09075
   0.17700   3.09077
   0.17800   3.09079
   0.17900   3.09081
   0.18000   3.09083
   0.18100   3.09086
   0.18200   3.09088
   0.18300   3.09090
   0.18400   3.09092
   0.18500   3.09094
   0.18600   3.09096
   0.18700   3.09099
   0.18800   3.09101
   0.18900   3.09103
   0.19000   3.09105
   0.19100   3.09108
   0.19200   3.09110
   0.19300   3.09112
   0.19400   3.09115
   0.19500   3.09117
   0.19600   3.09119
   0.19700   3.09122
   0.19800   3.09124
   0.19900   3.09126
   0.20000   3.09129
   0.20100   3.09131
   0.20200   3.09133
   0.20300   3.09136
   0.20400   3.09138
   0.20500   3.09141
   0.20600   3.09143
   0.20700   3.09146
   0.20800   3.09148
   0.20900   3.09150
   0.21000   3.09153
   0.21100   3.09155
   0.21200   3.09158
   0.21300   3.09160
   0.21400   3.09163
   0.21500   3.09166
   0.21600   3.09168
   0.21700   3.09171
   0.21800   3.09173
   0.21900   3.09176
   0.22000   3.09178
   0.22100   3.09181
   0.22200   3.09184
   0.22300   3.09186
   0.22400   3.09189
   0.22500   3.09192
   0.22600   3.09194
   0.22700   3.09197
   0.22800   3.09200
   0.22900   3.09202
   0.23000   3.09205
   0.23100   3.09208
   0.23200   3.09211
   0.23300   3.09213
   0.23400   3.09216
   0.23500   3.09219
   0.23600   3.09222
   0.23700   3.09225
   0.23800   3.09227
   0.23900   3.09230
   0.24000   3.09233
   0.24100   3.09236
   0.24200   3.09239
   0.24300   3.09242
   0.24400   3.09245
   0.24500   3.09247
   0.24600   3.09250
   0.24700   3.09253
   0.24800   3.09256
   0.24900   3.09259
   0.25000   3.09262
   0.25100   3.09265
   0.25200   3.09268
   0.25300   3.09271
   0.25400   3.09274
   0.25500   3.09277
   0.25600   3.09280
   0.25700   3.09283
   0.25800   3.09286
   0.25900   3.09289
   0.26000   3.09292
   0.26100   3.09295
   0.26200   3.09299
   0.26300   3.09302
   0.26400   3.09305
   0.26500   3.09308
   0.26600   3.09311
   0.26700   3.09314
   0.26800   3.09317
   0.26900   3.09321
   0.27000   3.09324
   0.27100   3.09327
   0.27200   3.09330
   0.27300   3.09333
   0.27400   3.09337
   0.27500   3.09340
   0.27600   3.09343
   0.27700   3.09346
   0.27800   3.09350
   0.27900   3.09353
   0.28000   3.09356
   0.28100   3.09360
   0.28200   3.09363
   0.28300   3.09366
   0.28400   3.09370
   0.28500   3.09373
   0.28600   3.09377
   0.28700   3.09380
   0.28800   3.09383
   0.28900   3.09387
   0.29000   3.09390
   0.29100   3.09394
   0.29200   3.09397
   0.29300   3.09401
   0.29400   3.09404
   0.29500   3.09408
   0.29600   3.09411
   0.29700   3.09415
   0.29800   3.09418
   0.29900   3.09422
   0.30000   3.09425
   0.30100   3.09429
   0.30200   3.09432
   0.30300   3.09436
   0.30400   3.09439
   0.30500   3.09443
   0.30600   3.09447
   0.30700   3.09450
   0.30800   3.09454
   0.30900   3.09458
   0.31000   3.09461
   0.31100   3.09465
   0.31200   3.09469
   0.31300   3.09472
   0.31400   3.09476
   0.31500   3.09480
   0.31600   3.09483
   0.31700   3.09487
   0.31800   3.09491
   0.31900   3.09495
   0.32000   3.09499
   0.32100   3.09502
   0.32200   3.09506
   0.32300   3.09510
   0.32400   3.09514
   0.32500   3.09518
   0.32600   3.09521
   0.32700   3.09525
   0.32800   3.09529
   0.32900   3.09533
   0.33000   3.09537
   0.33100   3.09541
   0.33200   3.09545
   0.33300   3.09549
   0.33400   3.09553
   0.33500   3.09557
   0.33600   3.09561
   0.33700   3.09565
   0.33800   3.09569
   0.33900   3.09573
   0.34000   3.09577
   0.34100   3.09581
   0.34200   3.09585
   0.34300   3.09589
   0.34400   3.09593
   0.34500   3.09597
   0.34600   3.09601
   0.34700   3.09605
   0.34800   3.09609
   0.34900   3.09613
   0.35000   3.09617
   0.35100   3.09622
   0.35200   3.09626
   0.35300   3.09630
   0.35400   3.09634
   0.35500   3.09638
   0.35600   3.09642
   0.35700   3.09647
   0.35800   3.09651
   0.35900   3.09655
   0.36000   3.09659
   0.36100   3.09664
   0.36200   3.09668
   0.36300   3.09672
   0.36400   3.09676
   0.36500   3.09681
   0.36600   3.09685
   0.36700   3.09689
   0.36800   3.09694
   0.36900   3.09698
   0.37000   3.09703
   0.37100   3.09707
   0.37200   3.09711
   0.37300   3.09716
   0.37400   3.09720
   0.37500   3.09725
   0.37600   3.09729
   0.37700   3.09733
   0.37800   3.09738
   0.37900   3.09742
   0.38000   3.09747
   0.38100   3.09751
   0.38200   3.09756
   0.38300   3.09760
   0.38400   3.09765
   0.38500   3.09769
   0.38600   3.09774
   0.38700   3.09778
   0.38800   3.09783
   0.38900   3.09788
   0.39000   3.09792
   0.39100   3.09797
   0.39200   3.09801
   0.39300   3.09806
   0.39400   3.09811
   0.39500   3.09815
   0.39600   3.09820
   0.39700   3.09825
   0.39800   3.09829
   0.39900   3.09834
   0.40000   3.09839
   0.40100   3.09844
   0.40200   3.09848
   0.40300   3.09853
   0.40400   3.09858
   0.40500   3.09863
   0.40600   3.09867
   0.40700   3.09872
   0.40800   3.09877
   0.40900   3.09882
   0.41000   3.09887
   0.41100   3.09891
   0.41200   3.09896
   0.41300   3.09901
   0.41400   3.09906
   0.41500   3.09911
   0.41600   3.09916
   0.41700   3.09921
   0.41800   3.09926
   0.41900   3.09931
   0.42000   3.09936
   0.42100   3.09941
   0.42200   3.09945
   0.42300   3.09950
   0.42400   3.09955
   0.42500   3.09960
   0.42600   3.09965
   0.42700   3.09970
   0.42800   3.09976
   0.42900   3.09981
   0.43000   3.09986
   0.43100   3.09991
   0.43200   3.09996
   0.43300   3.10001
   0.43400   3.10006
   0.43500   3.10011
   0.43600   3.10016
   0.43700   3.10021
   0.43800   3.10027
   0.43900   3.10032
   0.44000   3.10037
   0.44100   3.10042
   0.44200   3.10047
   0.44300   3.10052
   0.44400   3.10058
   0.44500   3.10063
   0.44600   3.10068
   0.44700   3.10073
   0.44800   3.10079
   0.44900   3.10084
   0.45000   3.10089
   0.45100   3.10095
   0.45200   3.10100
   0.45300   3.10105
   0.45400   3.10111
   0.45500   3.10116
   0.45600   3.10121
   0.45700   3.10127
   0.45800   3.10132
   0.45900   3.10137
   0.46000   3.10143
   0.46100   3.10148
   0.46200   3.10154
   0.46300   3.10159
   0.46400   3.10165
   0.46500   3.10170
   0.46600   3.10175
   0.46700   3.10181
   0.46800   3.10186
   0.46900   3.10192
   0.47000   3.10197
   0.47100   3.10203
   0.47200   3.10209
   0.47300   3.10214
   0.47400   3.10220
   0.47500   3.10225
   0.47600   3.10231
   0.47700   3.10236
   0.47800   3.10242
   0.47900   3.10248
   0.48000   3.10253
   0.48100   3.10259
   0.48200   3.10265
   0.48300   3.10270
   0.48400   3.10276
   0.48500   3.10282
   0.48600   3.10287
   0.48700   3.10293
   0.48800   3.10299
   0.48900   3.10305
   0.49000   3.10310
   0.49100   3.10316
   0.49200   3.10322
   0.49300   3.10328
   0.49400   3.10333
   0.49500   3.10339
   0.49600   3.10345
   0.49700   3.10351
   0.49800   3.10357
   0.49900   3.10362
   0.50000   3.10368
   0.50100   3.10375
   0.50200   3.10382
   0.50300   3.10389
   0.50400   3.10398
   0.50500   3.10407
   0.50600   3.10416
   0.50700   3.10427
   0.50800   3.10438
   0.50900   3.10450
   0.51000   3.10462
   0.51100   3.10475
   0.51200   3.10489
   0.51300   3.10504
   0.51400   3.10519
   0.51500   3.10535
   0.51600   3.10551
   0.51700   3.10568
   0.51800   3.10586
   0.51900   3.10604
   0.52000   3.10623
   0.52100   3.10643
   0.52200   3.10663
   0.52300   3.10684
   0.52400   3.10705
   0.52500   3.10727
   0.52600   3.10750
   0.52700   3.10773
   0.52800   3.10797
   0.52900   3.10822
   0.53000   3.10847
   0.53100   3.10872
   0.53200   3.10899
   0.53300   3.10926
   0.53400   3.10953
   0.53500   3.10981
   0.53600   3.11009
   0.53700   3.11038
   0.53800   3.11068
   0.53900   3.11098
   0.54000   3.11129
   0.54100   3.11160
   0.54200   3.11192
   0.54300   3.11225
   0.54400   3.11258
   0.54500   3.11291
   0.54600   3.11325
   0.54700   3.11360
   0.54800   3.11395
   0.54900   3.11430
   0.55000   3.11466
   0.55100   3.11503
   0.55200   3.11540
   0.55300   3.11578
   0.55400   3.11616
   0.55500   3.11655
   0.55600   3.11694
   0.55700   3.11733
   0.55800   3.11774
   0.55900   3.11814
   0.56000   3.11855
   0.56100   3.11897
   0.56200   3.11939
   0.56300   3.11982
   0.56400   3.12025
   0.56500   3.12068
   0.56600   3.12112
   0.56700   3.12157
   0.56800   3.12202
   0.56900   3.12247
   0.57000   3.12293
   0.57100   3.12339
   0.57200   3.12386
   0.57300   3.12433
   0.57400   3.12481
   0.57500   3.12529
   0.57600   3.12577
   0.57700   3.12626
   0.57800   3.12676
   0.57900   3.12726
   0.58000   3.12776
   0.58100   3.12827
   0.58200   3.12878
   0.58300   3.12930
   0.58400   3.12982
   0.58500   3.13034
   0.58600   3.13087
   0.58700   3.13140
   0.58800   3.13194
   0.58900   3.13248
   0.59000   3.13302
   0.59100   3.13357
   0.59200   3.13413
   0.59300   3.13468
   0.59400   3.13524
   0.59500   3.13581
   0.59600   3.13638
   0.59700   3.13695
   0.59800   3.13753
   0.59900   3.13811
   0.60000   3.13870
   0.60100   3.13928
   0.60200   3.13988
   0.60300   3.14047
   0.60400   3.14107
   0.60500   3.14168
   0.60600   3.14228
   0.60700   3.14290
   0.60800   3.14351
   0.60900   3.14413
   0.61000   3.14475
   0.61100   3.14538
   0.61200   3.14601
   0.61300   3.14664
   0.61400   3.14728
   0.61500   3.14792
   0.61600   3.14856
   0.61700   3.14921
   0.61800   3.14986
   0.61900   3.15051
   0.62000   3.15117
   0.62100   3.15183
   0.62200   3.15250
   0.62300   3.15317
   0.62400   3.15384
   0.62500   3.15451
   0.62600   3.15519
   0.62700   3.15587
   0.62800   3.15656
   0.62900   3.15725
   0.63000   3.15794
   0.63100   3.15863
   0.63200   3.15933
   0.63300   3.16003
   0.63400   3.16074
   0.63500   3.16145
   0.63600   3.16216
   0.63700   3.16287
   0.63800   3.16359
   0.63900   3.16431
   0.64000   3.16504
   0.64100   3.16576
   0.64200   3.16649
   0.64300   3.16723
   0.64400   3.16796
   0.64500   3.16870
   0.64600   3.16944
   0.64700   3.17019
   0.64800   3.17094
   0.64900   3.17169
   0.65000   3.17244
   0.65100   3.17320
   0.65200   3.17396
   0.65300   3.17472
   0.65400   3.17549
   0.65500   3.17626
   0.65600   3.17703
   0.65700   3.17781
   0.65800   3.17858
   0.65900   3.17936
   0.66000   3.18015
   0.66100   3.18093
   0.66200   3.18172
   0.66300   3.18251
   0.66400   3.18331
   0.66500   3.18411
   0.66600   3.18491
   0.66700   3.18571
   0.66800   3.18651
   0.66900   3.18732
   0.67000   3.18813
   0.67100   3.18895
   0.67200   3.18976
   0.67300   3.19058
   0.67400   3.19141
   0.67500   3.19223
   0.67600   3.19306
   0.67700   3.19389
   0.67800   3.19472
   0.67900   3.19555
   0.68000   3.19639
   0.68100   3.19723
   0.68200   3.19807
   0.68300   3.19892
   0.68400   3.19977
   0.68500   3.20062
   0.68600   3.20147
   0.68700   3.20232
   0.68800   3.20318
   0.68900   3.20404
   0.69000   3.20490
   0.69100   3.20577
   0.69200   3.20664
   0.69300   3.20751
   0.69400   3.20838
   0.69500   3.20925
   0.69600   3.21013
   0.69700   3.21101
   0.69800   3.21189
   0.69900   3.21278
   0.70000   3.21366
   0.70100   3.21455
   0.70200   3.21544
   0.70300   3.21634
   0.70400   3.21723
   0.70500   3.21813
   0.70600   3.21903
   0.70700   3.21994
   0.70800   3.22084
   0.70900   3.22175
   0.71000   3.22266
   0.71100   3.22357
   0.71200   3.22448
   0.71300   3.22540
   0.71400   3.22632
   0.71500   3.22724
   0.71600   3.22816
   0.71700   3.22909
   0.71800   3.23002
   0.71900   3.23095
   0.72000   3.23188
   0.72100   3.23281
   0.72200   3.23375
   0.72300   3.23469
   0.72400   3.23563
   0.72500   3.23657
   0.72600   3.23751
   0.72700   3.23846
   0.72800   3.23941
   0.72900   3.24036
   0.73000   3.24131
   0.73100   3.24227
   0.73200   3.24322
   0.73300   3.24418
   0.73400   3.24514
   0.73500   3.24611
   0.73600   3.24707
   0.73700   3.24804
   0.73800   3.24901
   0.73900   3.24998
   0.74000   3.25095
   0.74100   3.25193
   0.74200   3.25290
   0.74300   3.25388
   0.74400   3.25486
   0.74500   3.25585
   0.74600   3.25683
   0.74700   3.25782
   0.74800   3.25881
   0.74900   3.25980
   0.75000   3.26079
   0.75100   3.26179
   0.75200   3.26278
   0.75300   3.26378
   0.75400   3.26478
   0.75500   3.26578
   0.75600   3.26679
   0.75700   3.26779
   0.75800   3.26880
   0.75900   3.26981
   0.76000   3.27082
   0.76100   3.27183
   0.76200   3.27285
   0.76300   3.27386
   0.76400   3.27488
   0.76500   3.27590
   0.76600   3.27692
   0.76700   3.27795
   0.76800   3.27897
   0.76900   3.28000
   0.77000   3.28103
   0.77100   3.28206
   0.77200   3.28309
   0.77300   3.28413
   0.77400   3.28516
   0.77500   3.28620
   0.77600   3.28724
   0.77700   3.28828
   0.77800   3.28933
   0.77900   3.29037
   0.78000   3.29142
   0.78100   3.29246
   0.78200   3.29351
   0.78300   3.29457
   0.78400   3.29562
   0.78500   3.29667
   0.78600   3.29773
   0.78700   3.29879
   0.78800   3.29985
   0.78900   3.30091
   0.79000   3.30197
   0.79100   3.30304
   0.79200   3.30410
   0.79300   3.30517
   0.79400   3.30624
   0.79500   3.30731
   0.79600   3.30838
   0.79700   3.30946
   0.79800   3.31053
   0.79900   3.31161
   0.80000   3.31269
   0.80100   3.31377
   0.80200   3.31485
   0.80300   3.31593
   0.80400   3.31702
   0.80500   3.31811
   0.80600   3.31919
   0.80700   3.32028
   0.80800   3.32137
   0.80900   3.32247
   0.81000   3.32356
   0.81100   3.32466
   0.81200   3.32575
   0.81300   3.32685
   0.81400   3.32795
   0.81500   3.32906
   0.81600   3.33016
   0.81700   3.33126
   0.81800   3.33237
   0.81900   3.33348
   0.82000   3.33459
   0.82100   3.33570
   0.82200   3.33681
   0.82300   3.33792
   0.82400   3.33904
   0.82500   3.34015
   0.82600   3.34127
   0.82700   3.34239
   0.82800   3.34351
   0.82900   3.34463
   0.83000   3.34576
   0.83100   3.34688
   0.83200   3.34801
   0.83300   3.34913
   0.83400   3.35026
   0.83500   3.35139
   0.83600   3.35253
   0.83700   3.35366
   0.83800   3.35479
   0.83900   3.35593
   0.84000   3.35707
   0.84100   3.35820
   0.84200   3.35934
   0.84300   3.36049
   0.84400   3.36163
   0.84500   3.36277
   0.84600   3.36392
   0.84700   3.36506
   0.84800   3.36621
   0.84900   3.36736
   0.85000   3.36851
   0.85100   3.36966
   0.85200   3.37082
   0.85300   3.37197
   0.85400   3.37313
   0.85500   3.37428
   0.85600   3.37544
   0.85700   3.37660
   0.85800   3.37776
   0.85900   3.37893
   0.86000   3.38009
   0.86100   3.38125
   0.86200   3.38242
   0.86300   3.38359
   0.86400   3.38476
   0.86500   3.38592
   0.86600   3.38710
   0.86700   3.38827
   0.86800   3.38944
   0.86900   3.39062
   0.87000   3.39179
   0.87100   3.39297
   0.87200   3.39415
   0.87300   3.39533
   0.87400   3.39651
   0.87500   3.39769
   0.87600   3.39887
   0.87700   3.40006
   0.87800   3.40124
   0.87900   3.40243
   0.88000   3.40362
   0.88100   3.40481
   0.88200   3.40600
   0.88300   3.40719
   0.88400   3.40838
   0.88500   3.40958
   0.88600   3.41077
   0.88700   3.41197
   0.88800   3.41316
   0.88900   3.41436
   0.89000   3.41556
   0.89100   3.41676
   0.89200   3.41797
   0.89300   3.41917
   0.89400   3.42037
   0.89500   3.42158
   0.89600   3.42278
   0.89700   3.42399
   0.89800   3.42520
   0.89900   3.42641
   0.90000   3.42762
   0.90100   3.42883
   0.90200   3.43005
   0.90300   3.43126
   0.90400   3.43248
   0.90500   3.43369
   0.90600   3.43491
   0.90700   3.43613
   0.90800   3.43735
   0.90900   3.43857
   0.91000   3.43979
   0.91100   3.44102
   0.91200   3.44224
   0.91300   3.44346
   0.91400   3.44469
   0.91500   3.44592
   0.91600   3.44715
   0.91700   3.44838
   0.91800   3.44961
   0.91900   3.45084
   0.92000   3.45207
   0.92100   3.45330
   0.92200   3.45454
   0.92300   3.45577
   0.92400   3.45701
   0.92500   3.45825
   0.92600   3.45949
   0.92700   3.46073
   0.92800   3.46197
   0.92900   3.46321
   0.93000   3.46445
   0.93100   3.46570
   0.93200   3.46694
   0.93300   3.46819
   0.93400   3.46943
   0.93500   3.47068
   0.93600   3.47193
   0.93700   3.47318
   0.93800   3.47443
   0.93900   3.47568
   0.94000   3.47694
   0.94100   3.47819
   0.94200   3.47945
   0.94300   3.48070
   0.94400   3.48196
   0.94500   3.48322
   0.94600   3.48447
   0.94700   3.48573
   0.94800   3.48700
   0.94900   3.48826
   0.95000   3.48952
   0.95100   3.49078
   0.95200   3.49205
   0.95300   3.49331
   0.95400   3.49458
   0.95500   3.49585
   0.95600   3.49712
   0.95700   3.49838
   0.95800   3.49965
   0.95900   3.50093
   0.96000   3.50220
   0.96100   3.50347
   0.96200   3.50474
   0.96300   3.50602
   0.96400   3.50729
   0.96500   3.50857
   0.96600   3.50985
   0.96700   3.51113
   0.96800   3.51241
   0.96900   3.51369
   0.97000   3.51497
   0.97100   3.51625
   0.97200   3.51753
   0.97300   3.51882
   0.97400   3.52010
   0.97500   3.52139
   0.97600   3.52267
   0.97700   3.52396
   0.97800   3.52525
   0.97900   3.52654
   0.98000   3.52783
   0.98100   3.52912
   0.98200   3.53041
   0.98300   3.53171
   0.98400   3.53300
   0.98500   3.53429
   0.98600   3.53559
   0.98700   3.53688
   0.98800   3.53818
   0.98900   3.53948
   0.99000   3.54078
   0.99100   3.54208
   0.99200   3.54338
   0.99300   3.54468
   0.99400   3.54598
   0.99500   3.54729
   0.99600   3.54859
   0.99700   3.54989
   0.99800   3.55120
   0.99900   3.55251
