   0.00100   2.32192
   0.00200   2.32192
   0.00300   2.32192
   0.00400   2.32192
   0.00500   2.32192
   0.00600   2.32192
   0.00700   2.32192
   0.00800   2.32192
   0.00900   2.32192
   0.01000   2.32192
   0.01100   2.32192
   0.01200   2.32192
   0.01300   2.32192
   0.01400   2.32192
   0.01500   2.32193
   0.01600   2.32193
   0.01700   2.32193
   0.01800   2.32193
   0.01900   2.32193
   0.02000   2.32193
   0.02100   2.32193
   0.02200   2.32193
   0.02300   2.32194
   0.02400   2.32194
   0.02500   2.32194
   0.02600   2.32194
   0.02700   2.32194
   0.02800   2.32194
   0.02900   2.32195
   0.03000   2.32195
   0.03100   2.32195
   0.03200   2.32195
   0.03300   2.32195
   0.03400   2.32196
   0.03500   2.32196
   0.03600   2.32196
   0.03700   2.32196
   0.03800   2.32197
   0.03900   2.32197
   0.04000   2.32197
   0.04100   2.32197
   0.04200   2.32198
   0.04300   2.32198
   0.04400   2.32198
   0.04500   2.32198
   0.04600   2.32199
   0.04700   2.32199
   0.04800   2.32199
   0.04900   2.32199
   0.05000   2.32200
   0.05100   2.32203
   0.05200   2.32209
   0.05300   2.32218
   0.05400   2.32231
   0.05500   2.32247
   0.05600   2.32266
   0.05700   2.32288
   0.05800   2.32312
   0.05900   2.32339
   0.06000   2.32369
   0.06100   2.32401
   0.06200   2.32435
   0.06300   2.32471
   0.06400   2.32509
   0.06500   2.32549
   0.06600   2.32591
   0.06700   2.32634
   0.06800   2.32680
   0.06900   2.32727
   0.07000   2.32775
   0.07100   2.32825
   0.07200   2.32876
   0.07300   2.32929
   0.07400   2.32983
   0.07500   2.33038
   0.07600   2.33094
   0.07700   2.33152
   0.07800   2.33211
   0.07900   2.33270
   0.08000   2.33331
   0.08100   2.33393
   0.08200   2.33456
   0.08300   2.33520
   0.08400   2.33584
   0.08500   2.33650
   0.08600   2.33716
   0.08700   2.33784
   0.08800   2.33852
   0.08900   2.33920
   0.09000   2.33990
   0.09100   2.34060
   0.09200   2.34131
   0.09300   2.34203
   0.09400   2.34275
   0.09500   2.34348
   0.09600   2.34422
   0.09700   2.34496
   0.09800   2.34571
   0.09900   2.34646
   0.10000   2.34722
   0.10100   2.34799
   0.10200   2.34876
   0.10300   2.34953
   0.10400   2.35031
   0.10500   2.35110
   0.10600   2.35189
   0.10700   2.35268
   0.10800   2.35348
   0.10900   2.35429
   0.11000   2.35510
   0.11100   2.35591
   0.11200   2.35673
   0.11300   2.35755
   0.11400   2.35837
   0.11500   2.35920
   0.11600   2.36004
   0.11700   2.36087
   0.11800   2.36171
   0.11900   2.36256
   0.12000   2.36341
   0.12100   2.36426
   0.12200   2.36511
   0.12300   2.36597
   0.12400   2.36683
   0.12500   2.36770
   0.12600   2.36857
   0.12700   2.36944
   0.12800   2.37031
   0.12900   2.37119
   0.13000   2.37207
   0.13100   2.37295
   0.13200   2.37384
   0.13300   2.37473
   0.13400   2.37562
   0.13500   2.37651
   0.13600   2.37741
   0.13700   2.37831
   0.13800   2.37921
   0.13900   2.38012
   0.14000   2.38102
   0.14100   2.38193
   0.14200   2.38284
   0.14300   2.38376
   0.14400   2.38468
   0.14500   2.38559
   0.14600   2.38652
   0.14700   2.38744
   0.14800   2.38837
   0.14900   2.38929
   0.15000   2.39022
   0.15100   2.39116
   0.15200   2.39209
   0.15300   2.39303
   0.15400   2.39397
   0.15500   2.39491
   0.15600   2.39585
   0.15700   2.39680
   0.15800   2.39774
   0.15900   2.39869
   0.16000   2.39964
   0.16100   2.40059
   0.16200   2.40155
   0.16300   2.40251
   0.16400   2.40346
   0.16500   2.40442
   0.16600   2.40539
   0.16700   2.40635
   0.16800   2.40731
   0.16900   2.40828
   0.17000   2.40925
   0.17100   2.41022
   0.17200   2.41119
   0.17300   2.41217
   0.17400   2.41314
   0.17500   2.41412
   0.17600   2.41510
   0.17700   2.41608
   0.17800   2.41706
   0.17900   2.41804
   0.18000   2.41903
   0.18100   2.42001
   0.18200   2.42100
   0.18300   2.42199
   0.18400   2.42298
   0.18500   2.42398
   0.18600   2.42497
   0.18700   2.42597
   0.18800   2.42696
   0.18900   2.42796
   0.19000   2.42896
   0.19100   2.42996
   0.19200   2.43097
   0.19300   2.43197
   0.19400   2.43298
   0.19500   2.43398
   0.19600   2.43499
   0.19700   2.43600
   0.19800   2.43701
   0.19900   2.43802
   0.20000   2.43904
   0.20100   2.44005
   0.20200   2.44107
   0.20300   2.44209
   0.20400   2.44311
   0.20500   2.44413
   0.20600   2.44515
   0.20700   2.44617
   0.20800   2.44720
   0.20900   2.44822
   0.21000   2.44925
   0.21100   2.45028
   0.21200   2.45130
   0.21300   2.45233
   0.21400   2.45337
   0.21500   2.45440
   0.21600   2.45543
   0.21700   2.45647
   0.21800   2.45750
   0.21900   2.45854
   0.22000   2.45958
   0.22100   2.46062
   0.22200   2.46166
   0.22300   2.46270
   0.22400   2.46375
   0.22500   2.46479
   0.22600   2.46584
   0.22700   2.46688
   0.22800   2.46793
   0.22900   2.46898
   0.23000   2.47003
   0.23100   2.47108
   0.23200   2.47213
   0.23300   2.47319
   0.23400   2.47424
   0.23500   2.47530
   0.23600   2.47635
   0.23700   2.47741
   0.23800   2.47847
   0.23900   2.47953
   0.24000   2.48059
   0.24100   2.48165
   0.24200   2.48272
   0.24300   2.48378
   0.24400   2.48485
   0.24500   2.48591
   0.24600   2.48698
   0.24700   2.48805
   0.24800   2.48912
   0.24900   2.49019
   0.25000   2.49126
   0.25100   2.49233
   0.25200   2.49340
   0.25300   2.49448
   0.25400   2.49555
   0.25500   2.49663
   0.25600   2.49771
   0.25700   2.49878
   0.25800   2.49986
   0.25900   2.50094
   0.26000   2.50203
   0.26100   2.50311
   0.26200   2.50419
   0.26300   2.50527
   0.26400   2.50636
   0.26500   2.50745
   0.26600   2.50853
   0.26700   2.50962
   0.26800   2.51071
   0.26900   2.51180
   0.27000   2.51289
   0.27100   2.51398
   0.27200   2.51507
   0.27300   2.51617
   0.27400   2.51726
   0.27500   2.51836
   0.27600   2.51945
   0.27700   2.52055
   0.27800   2.52165
   0.27900   2.52275
   0.28000   2.52385
   0.28100   2.52495
   0.28200   2.52605
   0.28300   2.52716
   0.28400   2.52826
   0.28500   2.52936
   0.28600   2.53047
   0.28700   2.53158
   0.28800   2.53268
   0.28900   2.53379
   0.29000   2.53490
   0.29100   2.53601
   0.29200   2.53712
   0.29300   2.53823
   0.29400   2.53934
   0.29500   2.54046
   0.29600   2.54157
   0.29700   2.54269
   0.29800   2.54380
   0.29900   2.54492
   0.30000   2.54604
   0.30100   2.54716
   0.30200   2.54828
   0.30300   2.54940
   0.30400   2.55052
   0.30500   2.55164
   0.30600   2.55276
   0.30700   2.55389
   0.30800   2.55501
   0.30900   2.55614
   0.31000   2.55726
   0.31100   2.55839
   0.31200   2.55952
   0.31300   2.56065
   0.31400   2.56178
   0.31500   2.56291
   0.31600   2.56404
   0.31700   2.56517
   0.31800   2.56630
   0.31900   2.56744
   0.32000   2.56857
   0.32100   2.56971
   0.32200   2.57084
   0.32300   2.57198
   0.32400   2.57312
   0.32500   2.57425
   0.32600   2.57539
   0.32700   2.57653
   0.32800   2.57768
   0.32900   2.57882
   0.33000   2.57996
   0.33100   2.58110
   0.33200   2.58225
   0.33300   2.58339
   0.33400   2.58454
   0.33500   2.58568
   0.33600   2.58683
   0.33700   2.58798
   0.33800   2.58913
   0.33900   2.59028
   0.34000   2.59143
   0.34100   2.59258
   0.34200   2.59373
   0.34300   2.59488
   0.34400   2.59604
   0.34500   2.59719
   0.34600   2.59835
   0.34700   2.59950
   0.34800   2.60066
   0.34900   2.60182
   0.35000   2.60298
   0.35100   2.60413
   0.35200   2.60529
   0.35300   2.60645
   0.35400   2.60762
   0.35500   2.60878
   0.35600   2.60994
   0.35700   2.61110
   0.35800   2.61227
   0.35900   2.61343
   0.36000   2.61460
   0.36100   2.61577
   0.36200   2.61693
   0.36300   2.61810
   0.36400   2.61927
   0.36500   2.62044
   0.36600   2.62161
   0.36700   2.62278
   0.36800   2.62395
   0.36900   2.62512
   0.37000   2.62630
   0.37100   2.62747
   0.37200   2.62865
   0.37300   2.62982
   0.37400   2.63100
   0.37500   2.63217
   0.37600   2.63335
   0.37700   2.63453
   0.37800   2.63571
   0.37900   2.63689
   0.38000   2.63807
   0.38100   2.63925
   0.38200   2.64043
   0.38300   2.64162
   0.38400   2.64280
   0.38500   2.64398
   0.38600   2.64517
   0.38700   2.64635
   0.38800   2.64754
   0.38900   2.64873
   0.39000   2.64991
   0.39100   2.65110
   0.39200   2.65229
   0.39300   2.65348
   0.39400   2.65467
   0.39500   2.65586
   0.39600   2.65705
   0.39700   2.65825
   0.39800   2.65944
   0.39900   2.66063
   0.40000   2.66183
   0.40100   2.66302
   0.40200   2.66422
   0.40300   2.66542
   0.40400   2.66661
   0.40500   2.66781
   0.40600   2.66901
   0.40700   2.67021
   0.40800   2.67141
   0.40900   2.67261
   0.41000   2.67381
   0.41100   2.67502
   0.41200   2.67622
   0.41300   2.67742
   0.41400   2.67863
   0.41500   2.67983
   0.41600   2.68104
   0.41700   2.68224
   0.41800   2.68345
   0.41900   2.68466
   0.42000   2.68587
   0.42100   2.68708
   0.42200   2.68829
   0.42300   2.68950
   0.42400   2.69071
   0.42500   2.69192
   0.42600   2.69313
   0.42700   2.69434
   0.42800   2.69556
   0.42900   2.69677
   0.43000   2.69799
   0.43100   2.69920
   0.43200   2.70042
   0.43300   2.70164
   0.43400   2.70285
   0.43500   2.70407
   0.43600   2.70529
   0.43700   2.70651
   0.43800   2.70773
   0.43900   2.70895
   0.44000   2.71017
   0.44100   2.71140
   0.44200   2.71262
   0.44300   2.71384
   0.44400   2.71507
   0.44500   2.71629
   0.44600   2.71752
   0.44700   2.71874
   0.44800   2.71997
   0.44900   2.72120
   0.45000   2.72243
   0.45100   2.72366
   0.45200   2.72489
   0.45300   2.72612
   0.45400   2.72735
   0.45500   2.72858
   0.45600   2.72981
   0.45700   2.73104
   0.45800   2.73228
   0.45900   2.73351
   0.46000   2.73474
   0.46100   2.73598
   0.46200   2.73722
   0.46300   2.73845
   0.46400   2.73969
   0.46500   2.74093
   0.46600   2.74216
   0.46700   2.74340
   0.46800   2.74464
   0.46900   2.74588
   0.47000   2.74712
   0.47100   2.74837
   0.47200   2.74961
   0.47300   2.75085
   0.47400   2.75209
   0.47500   2.75334
   0.47600   2.75458
   0.47700   2.75583
   0.47800   2.75707
   0.47900   2.75832
   0.48000   2.75957
   0.48100   2.76081
   0.48200   2.76206
   0.48300   2.76331
   0.48400   2.76456
   0.48500   2.76581
   0.48600   2.76706
   0.48700   2.76831
   0.48800   2.76957
   0.48900   2.77082
   0.49000   2.77207
   0.49100   2.77332
   0.49200   2.77458
   0.49300   2.77583
   0.49400   2.77709
   0.49500   2.77835
   0.49600   2.77960
   0.49700   2.78086
   0.49800   2.78212
   0.49900   2.78338
