   0.00100   2.32192
   0.00200   2.32192
   0.00300   2.32192
   0.00400   2.32192
   0.00500   2.32192
   0.00600   2.32192
   0.00700   2.32192
   0.00800   2.32192
   0.00900   2.32192
   0.01000   2.32192
   0.01100   2.32192
   0.01200   2.32192
   0.01300   2.32192
   0.01400   2.32192
   0.01500   2.32193
   0.01600   2.32193
   0.01700   2.32193
   0.01800   2.32193
   0.01900   2.32193
   0.02000   2.32193
   0.02100   2.32193
   0.02200   2.32193
   0.02300   2.32194
   0.02400   2.32194
   0.02500   2.32194
   0.02600   2.32194
   0.02700   2.32194
   0.02800   2.32194
   0.02900   2.32195
   0.03000   2.32195
   0.03100   2.32195
   0.03200   2.32195
   0.03300   2.32195
   0.03400   2.32196
   0.03500   2.32196
   0.03600   2.32196
   0.03700   2.32196
   0.03800   2.32197
   0.03900   2.32197
   0.04000   2.32197
   0.04100   2.32197
   0.04200   2.32198
   0.04300   2.32198
   0.04400   2.32198
   0.04500   2.32198
   0.04600   2.32199
   0.04700   2.32199
   0.04800   2.32199
   0.04900   2.32200
   0.05000   2.32200
   0.05100   2.32202
   0.05200   2.32208
   0.05300   2.32218
   0.05400   2.32231
   0.05500   2.32247
   0.05600   2.32266
   0.05700   2.32288
   0.05800   2.32312
   0.05900   2.32339
   0.06000   2.32369
   0.06100   2.32401
   0.06200   2.32435
   0.06300   2.32471
   0.06400   2.32509
   0.06500   2.32549
   0.06600   2.32591
   0.06700   2.32634
   0.06800   2.32680
   0.06900   2.32727
