   0.00100   2.23249
   0.01100   2.24116
   0.02100   2.25043
   0.03100   2.25979
   0.04100   2.26923
   0.05100   2.27875
   0.06100   2.28835
   0.07100   2.29802
   0.08100   2.30778
   0.09100   2.31762
   0.10100   2.32754
   0.11100   2.33753
   0.12100   2.34760
   0.13100   2.35775
   0.14100   2.36798
   0.15100   2.37828
   0.16100   2.38866
   0.17100   2.39912
   0.18100   2.40965
   0.19100   2.42026
   0.20100   2.43094
   0.21100   2.44170
   0.22100   2.45253
   0.23100   2.46344
   0.24100   2.47441
   0.25100   2.48546
   0.26100   2.49658
   0.27100   2.50777
   0.28100   2.51903
   0.29100   2.53036
   0.30100   2.54176
   0.31100   2.55323
   0.32100   2.56477
   0.33100   2.57637
   0.34100   2.58804
   0.35100   2.59978
   0.36100   2.61158
   0.37100   2.62345
   0.38100   2.63538
   0.39100   2.64738
   0.40100   2.65944
   0.41100   2.67156
   0.42100   2.68374
   0.43100   2.69598
   0.44100   2.70829
   0.45100   2.72065
   0.46100   2.73308
   0.47100   2.74556
   0.48100   2.75810
   0.49100   2.77069
   0.50100   2.78335
   0.51100   2.79606
   0.52100   2.80882
   0.53100   2.82165
   0.54100   2.83452
   0.55100   2.84745
   0.56100   2.86043
   0.57100   2.87346
   0.58100   2.88655
   0.59100   2.89969
   0.60100   2.91287
   0.61100   2.92611
   0.62100   2.93940
   0.63100   2.95273
   0.64100   2.96612
   0.65100   2.97955
   0.66100   2.99303
   0.67100   3.00656
   0.68100   3.02013
   0.69100   3.03375
   0.70100   3.04741
   0.71100   3.06112
   0.72100   3.07487
   0.73100   3.08866
   0.74100   3.10250
   0.75100   3.11638
   0.76100   3.13030
   0.77100   3.14427
   0.78100   3.15827
   0.79100   3.17232
   0.80100   3.18641
   0.81100   3.20053
   0.82100   3.21470
   0.83100   3.22890
   0.84100   3.24314
   0.85100   3.25743
   0.86100   3.27174
   0.87100   3.28610
   0.88100   3.30049
   0.89100   3.31492
