   0.00100   2.23249
   0.01100   2.24116
   0.02100   2.25043
   0.03100   2.25979
   0.04100   2.26923
   0.05100   2.27875
   0.06100   2.28835
   0.07100   2.29802
   0.08100   2.30778
   0.09100   2.31762
   0.10100   2.32754
   0.11100   2.33753
   0.12100   2.34760
   0.13100   2.35775
   0.14100   2.36798
   0.15100   2.37828
   0.16100   2.38866
   0.17100   2.39912
   0.18100   2.40965
   0.19100   2.42026
   0.20100   2.43094
   0.21100   2.44170
   0.22100   2.45253
   0.23100   2.46344
   0.24100   2.47441
   0.25100   2.48546
   0.26100   2.49658
   0.27100   2.50777
   0.28100   2.51903
   0.29100   2.53036
   0.30100   2.54176
   0.31100   2.55323
   0.32100   2.56477
   0.33100   2.57637
   0.34100   2.58804
   0.35100   2.59978
   0.36100   2.61158
   0.37100   2.62345
   0.38100   2.63538
   0.39100   2.64738
   0.40100   2.65944
   0.41100   2.67156
   0.42100   2.68374
   0.43100   2.69598
   0.44100   2.70829
   0.45100   2.72065
   0.46100   2.73308
   0.47100   2.74556
   0.48100   2.75810
   0.49100   2.77069
