   0.00100   0.00044
   0.00200   0.00088
   0.00300   0.00131
   0.00400   0.00175
   0.00500   0.00219
   0.00600   0.00263
   0.00700   0.00306
   0.00800   0.00350
   0.00900   0.00394
   0.01000   0.00438
   0.01100   0.00482
   0.01200   0.00525
   0.01300   0.00569
   0.01400   0.00613
   0.01500   0.00657
   0.01600   0.00700
   0.01700   0.00744
   0.01800   0.00788
   0.01900   0.00832
   0.02000   0.00876
   0.02100   0.00919
   0.02200   0.00963
   0.02300   0.01007
   0.02400   0.01050
   0.02500   0.01094
   0.02600   0.01138
   0.02700   0.01182
   0.02800   0.01225
   0.02900   0.01269
   0.03000   0.01312
   0.03100   0.01356
   0.03200   0.01400
   0.03300   0.01443
   0.03400   0.01487
   0.03500   0.01530
   0.03600   0.01574
   0.03700   0.01617
   0.03800   0.01661
   0.03900   0.01704
   0.04000   0.01748
   0.04100   0.01791
   0.04200   0.01834
   0.04300   0.01878
   0.04400   0.01921
   0.04500   0.01964
   0.04600   0.02007
   0.04700   0.02050
   0.04800   0.02094
   0.04900   0.02137
   0.05000   0.02180
   0.05100   0.02223
   0.05200   0.02266
   0.05300   0.02309
   0.05400   0.02351
   0.05500   0.02394
   0.05600   0.02437
   0.05700   0.02480
   0.05800   0.02523
   0.05900   0.02565
