   0.00100   0.00044
   0.00200   0.00088
   0.00300   0.00131
   0.00400   0.00175
   0.00500   0.00219
   0.00600   0.00263
   0.00700   0.00306
   0.00800   0.00350
   0.00900   0.00394
   0.01000   0.00438
   0.01100   0.00482
   0.01200   0.00525
   0.01300   0.00569
   0.01400   0.00613
   0.01500   0.00657
   0.01600   0.00700
   0.01700   0.00744
   0.01800   0.00788
   0.01900   0.00832
   0.02000   0.00876
   0.02100   0.00919
   0.02200   0.00963
   0.02300   0.01007
   0.02400   0.01050
   0.02500   0.01094
   0.02600   0.01138
   0.02700   0.01182
   0.02800   0.01225
   0.02900   0.01269
   0.03000   0.01312
   0.03100   0.01356
   0.03200   0.01400
   0.03300   0.01443
   0.03400   0.01487
   0.03500   0.01530
   0.03600   0.01574
   0.03700   0.01617
   0.03800   0.01661
   0.03900   0.01704
   0.04000   0.01748
   0.04100   0.01791
   0.04200   0.01834
   0.04300   0.01878
   0.04400   0.01921
   0.04500   0.01964
   0.04600   0.02007
   0.04700   0.02050
   0.04800   0.02094
   0.04900   0.02137
   0.05000   0.02180
   0.05100   0.02223
   0.05200   0.02266
   0.05300   0.02309
   0.05400   0.02351
   0.05500   0.02394
   0.05600   0.02437
   0.05700   0.02480
   0.05800   0.02523
   0.05900   0.02565
   0.06000   0.02608
   0.06100   0.02651
   0.06200   0.02693
   0.06300   0.02736
   0.06400   0.02778
   0.06500   0.02821
   0.06600   0.02863
   0.06700   0.02906
   0.06800   0.02948
   0.06900   0.02991
   0.07000   0.03033
   0.07100   0.03075
   0.07200   0.03117
   0.07300   0.03160
   0.07400   0.03202
   0.07500   0.03244
   0.07600   0.03286
   0.07700   0.03328
   0.07800   0.03370
   0.07900   0.03412
   0.08000   0.03454
   0.08100   0.03496
   0.08200   0.03538
   0.08300   0.03579
   0.08400   0.03621
   0.08500   0.03663
   0.08600   0.03705
   0.08700   0.03746
   0.08800   0.03788
   0.08900   0.03829
   0.09000   0.03871
   0.09100   0.03913
   0.09200   0.03954
   0.09300   0.03995
   0.09400   0.04037
   0.09500   0.04078
   0.09600   0.04120
   0.09700   0.04161
   0.09800   0.04202
   0.09900   0.04243
   0.10000   0.04285
   0.10100   0.04326
   0.10200   0.04367
   0.10300   0.04408
   0.10400   0.04449
   0.10500   0.04490
   0.10600   0.04531
   0.10700   0.04572
   0.10800   0.04613
   0.10900   0.04654
   0.11000   0.04694
   0.11100   0.04735
   0.11200   0.04776
   0.11300   0.04817
   0.11400   0.04857
   0.11500   0.04898
   0.11600   0.04939
   0.11700   0.04979
   0.11800   0.05020
   0.11900   0.05060
   0.12000   0.05101
   0.12100   0.05141
   0.12200   0.05182
   0.12300   0.05222
   0.12400   0.05262
   0.12500   0.05302
   0.12600   0.05343
   0.12700   0.05383
   0.12800   0.05423
   0.12900   0.05463
   0.13000   0.05503
   0.13100   0.05543
   0.13200   0.05583
   0.13300   0.05623
   0.13400   0.05663
   0.13500   0.05703
   0.13600   0.05743
   0.13700   0.05783
   0.13800   0.05823
   0.13900   0.05862
   0.14000   0.05902
   0.14100   0.05942
   0.14200   0.05982
   0.14300   0.06021
   0.14400   0.06061
   0.14500   0.06100
   0.14600   0.06140
   0.14700   0.06179
   0.14800   0.06219
   0.14900   0.06258
   0.15000   0.06297
   0.15100   0.06337
   0.15200   0.06376
   0.15300   0.06415
   0.15400   0.06455
   0.15500   0.06494
   0.15600   0.06533
   0.15700   0.06572
   0.15800   0.06611
   0.15900   0.06650
   0.16000   0.06689
   0.16100   0.06728
   0.16200   0.06767
   0.16300   0.06806
   0.16400   0.06845
   0.16500   0.06884
   0.16600   0.06922
   0.16700   0.06961
   0.16800   0.07000
   0.16900   0.07039
   0.17000   0.07077
   0.17100   0.07116
   0.17200   0.07154
   0.17300   0.07193
   0.17400   0.07231
   0.17500   0.07270
   0.17600   0.07308
   0.17700   0.07347
   0.17800   0.07385
   0.17900   0.07423
   0.18000   0.07462
   0.18100   0.07500
   0.18200   0.07538
   0.18300   0.07576
   0.18400   0.07614
   0.18500   0.07653
   0.18600   0.07691
   0.18700   0.07729
   0.18800   0.07767
   0.18900   0.07805
   0.19000   0.07842
   0.19100   0.07880
   0.19200   0.07918
   0.19300   0.07956
   0.19400   0.07994
   0.19500   0.08032
   0.19600   0.08069
   0.19700   0.08107
   0.19800   0.08145
   0.19900   0.08182
