   0.00010   0.00004
   0.00020   0.00009
   0.00030   0.00013
   0.00040   0.00018
   0.00050   0.00022
   0.00060   0.00027
   0.00070   0.00031
   0.00080   0.00036
   0.00090   0.00040
   0.00100   0.00045
   0.00110   0.00049
   0.00120   0.00053
   0.00130   0.00058
   0.00140   0.00062
   0.00150   0.00067
   0.00160   0.00071
   0.00170   0.00076
   0.00180   0.00080
   0.00190   0.00085
   0.00200   0.00089
   0.00210   0.00094
   0.00220   0.00098
   0.00230   0.00102
   0.00240   0.00107
   0.00250   0.00111
   0.00260   0.00116
   0.00270   0.00120
   0.00280   0.00125
   0.00290   0.00129
   0.00300   0.00134
   0.00310   0.00138
   0.00320   0.00143
   0.00330   0.00147
   0.00340   0.00151
   0.00350   0.00156
   0.00360   0.00160
   0.00370   0.00165
   0.00380   0.00169
   0.00390   0.00174
   0.00400   0.00178
   0.00410   0.00183
   0.00420   0.00187
   0.00430   0.00192
   0.00440   0.00196
   0.00450   0.00200
   0.00460   0.00205
   0.00470   0.00209
   0.00480   0.00214
   0.00490   0.00218
   0.00500   0.00223
   0.00510   0.00227
   0.00520   0.00232
   0.00530   0.00236
   0.00540   0.00241
   0.00550   0.00245
   0.00560   0.00249
   0.00570   0.00254
   0.00580   0.00258
   0.00590   0.00263
   0.00600   0.00267
