   1.22603   0.00001
   1.57759   0.00101
   1.64410   0.00201
   1.68580   0.00301
   1.71673   0.00401
   1.74154   0.00501
   1.76236   0.00601
   1.78037   0.00701
   1.79627   0.00801
   1.81054   0.00901
   1.82351   0.01001
   1.83540   0.01101
   1.84640   0.01201
   1.85664   0.01301
   1.86623   0.01401
   1.87525   0.01501
   1.88377   0.01601
   1.89184   0.01701
   1.89953   0.01801
   1.90686   0.01901
   1.91387   0.02001
   1.92059   0.02101
   1.92705   0.02201
   1.93326   0.02301
   1.93925   0.02401
   1.94504   0.02501
   1.95063   0.02601
   1.95605   0.02701
   1.96131   0.02801
   1.96641   0.02901
   1.97137   0.03001
   1.97619   0.03101
   1.98089   0.03201
   1.98546   0.03301
   1.98993   0.03401
   1.99429   0.03501
   1.99855   0.03601
   2.00271   0.03701
   2.00678   0.03801
   2.01077   0.03901
   2.01468   0.04001
   2.01850   0.04101
   2.02226   0.04201
   2.02594   0.04301
   2.02956   0.04401
   2.03311   0.04501
   2.03660   0.04601
   2.04003   0.04701
   2.04340   0.04801
   2.04672   0.04901
   2.04999   0.05001
   2.05320   0.05101
   2.05637   0.05201
   2.05949   0.05301
   2.06257   0.05401
   2.06560   0.05501
   2.06859   0.05601
   2.07154   0.05701
   2.07446   0.05801
   2.07733   0.05901
   2.08017   0.06001
   2.08297   0.06101
   2.08574   0.06201
   2.08847   0.06301
   2.09118   0.06401
   2.09385   0.06501
   2.09649   0.06601
   2.09911   0.06701
   2.10169   0.06801
   2.10425   0.06901
   2.10678   0.07001
   2.10929   0.07101
   2.11177   0.07201
   2.11422   0.07301
   2.11666   0.07401
   2.11907   0.07501
   2.12146   0.07601
   2.12382   0.07701
   2.12617   0.07801
   2.12849   0.07901
   2.13079   0.08001
   2.13308   0.08101
   2.13534   0.08201
   2.13759   0.08301
   2.13982   0.08401
   2.14203   0.08501
   2.14422   0.08601
   2.14640   0.08701
   2.14856   0.08801
   2.15070   0.08901
   2.15283   0.09001
   2.15495   0.09101
   2.15704   0.09201
   2.15913   0.09301
   2.16120   0.09401
   2.16325   0.09501
   2.16530   0.09601
   2.16732   0.09701
   2.16934   0.09801
   2.17134   0.09901
   2.17333   0.10001
   2.17531   0.10101
   2.17728   0.10201
   2.17924   0.10301
   2.18118   0.10401
   2.18311   0.10501
   2.18503   0.10601
   2.18695   0.10701
   2.18885   0.10801
   2.19074   0.10901
   2.19262   0.11001
   2.19449   0.11101
   2.19635   0.11201
   2.19820   0.11301
   2.20004   0.11401
   2.20188   0.11501
   2.20370   0.11601
   2.20552   0.11701
   2.20733   0.11801
   2.20912   0.11901
   2.21092   0.12001
   2.21270   0.12101
   2.21447   0.12201
   2.21624   0.12301
   2.21800   0.12401
   2.21975   0.12501
   2.22150   0.12601
   2.22324   0.12701
   2.22497   0.12801
   2.22669   0.12901
   2.22841   0.13001
   2.23012   0.13101
   2.23182   0.13201
   2.23352   0.13301
   2.23521   0.13401
   2.23690   0.13501
   2.23858   0.13601
   2.24025   0.13701
   2.24192   0.13801
   2.24358   0.13901
   2.24523   0.14001
   2.24688   0.14101
   2.24853   0.14201
   2.25017   0.14301
   2.25180   0.14401
   2.25343   0.14501
   2.25506   0.14601
   2.25668   0.14701
   2.25829   0.14801
   2.25990   0.14901
   2.26151   0.15001
   2.26311   0.15101
   2.26470   0.15201
   2.26629   0.15301
   2.26788   0.15401
   2.26946   0.15501
   2.27104   0.15601
   2.27262   0.15701
   2.27419   0.15801
   2.27575   0.15901
   2.27731   0.16001
   2.27887   0.16101
   2.28043   0.16201
   2.28198   0.16301
   2.28352   0.16401
   2.28507   0.16501
   2.28661   0.16601
   2.28814   0.16701
   2.28968   0.16801
   2.29121   0.16901
   2.29273   0.17001
   2.29425   0.17101
   2.29577   0.17201
   2.29729   0.17301
   2.29880   0.17401
   2.30031   0.17501
   2.30182   0.17601
   2.30332   0.17701
   2.30482   0.17801
   2.30632   0.17901
   2.30782   0.18001
   2.30931   0.18101
   2.31080   0.18201
   2.31229   0.18301
   2.31377   0.18401
   2.31525   0.18501
   2.31673   0.18601
   2.31821   0.18701
   2.31968   0.18801
   2.32115   0.18901
   2.32262   0.19001
   2.32409   0.19101
   2.32555   0.19201
   2.32701   0.19301
   2.32847   0.19401
   2.32993   0.19501
   2.33139   0.19601
   2.33284   0.19701
   2.33429   0.19801
   2.33574   0.19901
   2.33719   0.20001
   2.33863   0.20101
   2.34007   0.20201
   2.34151   0.20301
   2.34295   0.20401
   2.34439   0.20501
   2.34583   0.20601
   2.34726   0.20701
   2.34869   0.20801
   2.35012   0.20901
   2.35155   0.21001
   2.35297   0.21101
   2.35440   0.21201
   2.35582   0.21301
   2.35724   0.21401
   2.35866   0.21501
   2.36008   0.21601
   2.36150   0.21701
   2.36291   0.21801
   2.36432   0.21901
   2.36574   0.22001
   2.36715   0.22101
   2.36856   0.22201
   2.36996   0.22301
   2.37137   0.22401
   2.37277   0.22501
   2.37418   0.22601
   2.37558   0.22701
   2.37698   0.22801
   2.37838   0.22901
   2.37978   0.23001
   2.38117   0.23101
   2.38257   0.23201
   2.38396   0.23301
   2.38536   0.23401
   2.38675   0.23501
   2.38814   0.23601
   2.38953   0.23701
   2.39092   0.23801
   2.39231   0.23901
   2.39369   0.24001
   2.39508   0.24101
   2.39646   0.24201
   2.39785   0.24301
   2.39923   0.24401
   2.40061   0.24501
   2.40199   0.24601
   2.40337   0.24701
   2.40475   0.24801
   2.40613   0.24901
   2.40750   0.25001
   2.40888   0.25101
   2.41025   0.25201
   2.41163   0.25301
   2.41300   0.25401
   2.41437   0.25501
   2.41574   0.25601
   2.41712   0.25701
   2.41849   0.25801
   2.41985   0.25901
   2.42122   0.26001
   2.42259   0.26101
   2.42396   0.26201
   2.42532   0.26301
   2.42669   0.26401
   2.42805   0.26501
   2.42942   0.26601
   2.43078   0.26701
   2.43214   0.26801
   2.43351   0.26901
   2.43487   0.27001
   2.43623   0.27101
   2.43759   0.27201
   2.43895   0.27301
   2.44031   0.27401
   2.44167   0.27501
   2.44302   0.27601
   2.44438   0.27701
   2.44574   0.27801
   2.44709   0.27901
   2.44845   0.28001
   2.44980   0.28101
   2.45116   0.28201
   2.45251   0.28301
   2.45387   0.28401
   2.45522   0.28501
   2.45657   0.28601
   2.45793   0.28701
   2.45928   0.28801
   2.46063   0.28901
   2.46198   0.29001
   2.46333   0.29101
   2.46468   0.29201
   2.46603   0.29301
   2.46738   0.29401
   2.46873   0.29501
   2.47008   0.29601
   2.47143   0.29701
   2.47277   0.29801
   2.47412   0.29901
   2.47547   0.30001
   2.47682   0.30101
   2.47816   0.30201
   2.47951   0.30301
   2.48085   0.30401
   2.48220   0.30501
   2.48355   0.30601
   2.48489   0.30701
   2.48624   0.30801
   2.48758   0.30901
   2.48892   0.31001
   2.49027   0.31101
   2.49161   0.31201
   2.49296   0.31301
   2.49430   0.31401
   2.49564   0.31501
   2.49698   0.31601
   2.49833   0.31701
   2.49967   0.31801
   2.50101   0.31901
   2.50235   0.32001
   2.50370   0.32101
   2.50504   0.32201
   2.50638   0.32301
   2.50772   0.32401
   2.50906   0.32501
   2.51040   0.32601
   2.51174   0.32701
   2.51308   0.32801
   2.51442   0.32901
   2.51576   0.33001
   2.51710   0.33101
   2.51844   0.33201
   2.51978   0.33301
   2.52112   0.33401
   2.52246   0.33501
   2.52380   0.33601
   2.52514   0.33701
   2.52648   0.33801
   2.52782   0.33901
   2.52916   0.34001
   2.53050   0.34101
   2.53184   0.34201
   2.53318   0.34301
   2.53452   0.34401
   2.53586   0.34501
   2.53720   0.34601
   2.53853   0.34701
   2.53987   0.34801
   2.54121   0.34901
   2.54255   0.35001
   2.54389   0.35101
   2.54523   0.35201
   2.54657   0.35301
   2.54790   0.35401
   2.54924   0.35501
   2.55058   0.35601
   2.55192   0.35701
   2.55326   0.35801
   2.55460   0.35901
   2.55594   0.36001
   2.55727   0.36101
   2.55861   0.36201
   2.55995   0.36301
   2.56129   0.36401
   2.56263   0.36501
   2.56397   0.36601
   2.56531   0.36701
   2.56665   0.36801
   2.56798   0.36901
   2.56932   0.37001
   2.57066   0.37101
   2.57200   0.37201
   2.57334   0.37301
   2.57468   0.37401
   2.57602   0.37501
   2.57736   0.37601
   2.57870   0.37701
   2.58003   0.37801
   2.58137   0.37901
   2.58271   0.38001
   2.58405   0.38101
   2.58539   0.38201
   2.58673   0.38301
   2.58807   0.38401
   2.58941   0.38501
   2.59075   0.38601
   2.59209   0.38701
   2.59343   0.38801
   2.59477   0.38901
   2.59611   0.39001
   2.59745   0.39101
   2.59879   0.39201
   2.60013   0.39301
   2.60147   0.39401
   2.60281   0.39501
   2.60416   0.39601
   2.60550   0.39701
   2.60684   0.39801
   2.60818   0.39901
   2.60952   0.40001
   2.61086   0.40101
   2.61220   0.40201
   2.61355   0.40301
   2.61489   0.40401
   2.61623   0.40501
   2.61757   0.40601
   2.61891   0.40701
   2.62026   0.40801
   2.62160   0.40901
   2.62294   0.41001
   2.62429   0.41101
   2.62563   0.41201
   2.62697   0.41301
   2.62832   0.41401
   2.62966   0.41501
   2.63100   0.41601
   2.63235   0.41701
   2.63369   0.41801
   2.63504   0.41901
   2.63638   0.42001
   2.63773   0.42101
   2.63907   0.42201
   2.64042   0.42301
   2.64176   0.42401
   2.64311   0.42501
   2.64445   0.42601
   2.64580   0.42701
   2.64714   0.42801
   2.64849   0.42901
   2.64984   0.43001
   2.65118   0.43101
   2.65253   0.43201
   2.65388   0.43301
   2.65522   0.43401
   2.65657   0.43501
   2.65792   0.43601
   2.65927   0.43701
   2.66061   0.43801
   2.66196   0.43901
   2.66331   0.44001
   2.66466   0.44101
   2.66601   0.44201
   2.66736   0.44301
   2.66871   0.44401
   2.67005   0.44501
   2.67140   0.44601
   2.67275   0.44701
   2.67410   0.44801
   2.67545   0.44901
   2.67681   0.45001
   2.67816   0.45101
   2.67951   0.45201
   2.68086   0.45301
   2.68221   0.45401
   2.68356   0.45501
   2.68491   0.45601
   2.68626   0.45701
   2.68762   0.45801
   2.68897   0.45901
   2.69032   0.46001
   2.69168   0.46101
   2.69303   0.46201
   2.69438   0.46301
   2.69574   0.46401
   2.69709   0.46501
   2.69844   0.46601
   2.69980   0.46701
   2.70115   0.46801
   2.70251   0.46901
   2.70386   0.47001
   2.70522   0.47101
   2.70658   0.47201
   2.70793   0.47301
   2.70929   0.47401
   2.71064   0.47501
   2.71200   0.47601
   2.71336   0.47701
   2.71471   0.47801
   2.71607   0.47901
   2.71743   0.48001
   2.71879   0.48101
   2.72015   0.48201
   2.72150   0.48301
   2.72286   0.48401
   2.72422   0.48501
   2.72558   0.48601
   2.72694   0.48701
   2.72830   0.48801
   2.72966   0.48901
   2.73102   0.49001
   2.73238   0.49101
   2.73374   0.49201
   2.73510   0.49301
   2.73647   0.49401
   2.73783   0.49501
   2.73919   0.49601
   2.74055   0.49701
   2.74191   0.49801
   2.74328   0.49901
