   2.51067   0.00001
   2.51067   0.00101
   2.51067   0.00201
   2.51067   0.00301
   2.51067   0.00401
   2.51068   0.00501
   2.51068   0.00601
   2.51068   0.00701
   2.51069   0.00801
   2.51069   0.00901
   2.51070   0.01001
   2.51070   0.01101
   2.51071   0.01201
   2.51071   0.01301
   2.51072   0.01401
   2.51073   0.01501
   2.51074   0.01601
   2.51074   0.01701
   2.51075   0.01801
   2.51076   0.01901
   2.51077   0.02001
   2.51078   0.02101
   2.51079   0.02201
   2.51081   0.02301
   2.51082   0.02401
   2.51083   0.02501
   2.51084   0.02601
   2.51086   0.02701
   2.51087   0.02801
   2.51089   0.02901
   2.51090   0.03001
   2.51092   0.03101
   2.51093   0.03201
   2.51095   0.03301
   2.51097   0.03401
   2.51098   0.03501
   2.51100   0.03601
   2.51102   0.03701
   2.51104   0.03801
   2.51106   0.03901
   2.51108   0.04001
   2.51110   0.04101
   2.51112   0.04201
   2.51114   0.04301
   2.51116   0.04401
   2.51119   0.04501
   2.51121   0.04601
   2.51123   0.04701
   2.51126   0.04801
   2.51128   0.04901
   2.51131   0.05001
   2.51133   0.05101
   2.51136   0.05201
   2.51139   0.05301
   2.51141   0.05401
   2.51144   0.05501
   2.51147   0.05601
   2.51150   0.05701
   2.51153   0.05801
   2.51156   0.05901
   2.51159   0.06001
   2.51162   0.06101
   2.51165   0.06201
   2.51168   0.06301
   2.51171   0.06401
   2.51175   0.06501
   2.51178   0.06601
   2.51181   0.06701
   2.51185   0.06801
   2.51188   0.06901
   2.51192   0.07001
   2.51195   0.07101
   2.51199   0.07201
   2.51202   0.07301
   2.51206   0.07401
   2.51210   0.07501
   2.51214   0.07601
   2.51218   0.07701
   2.51222   0.07801
   2.51225   0.07901
   2.51229   0.08001
   2.51234   0.08101
   2.51238   0.08201
   2.51242   0.08301
   2.51246   0.08401
   2.51250   0.08501
   2.51255   0.08601
   2.51259   0.08701
   2.51263   0.08801
   2.51268   0.08901
   2.51272   0.09001
   2.51277   0.09101
   2.51281   0.09201
   2.51286   0.09301
   2.51291   0.09401
   2.51295   0.09501
   2.51300   0.09601
   2.51305   0.09701
   2.51310   0.09801
   2.51315   0.09901
   2.51320   0.10001
   2.51325   0.10101
   2.51330   0.10201
   2.51335   0.10301
   2.51340   0.10401
   2.51346   0.10501
   2.51351   0.10601
   2.51356   0.10701
   2.51361   0.10801
   2.51367   0.10901
   2.51372   0.11001
   2.51378   0.11101
   2.51383   0.11201
   2.51389   0.11301
   2.51395   0.11401
   2.51400   0.11501
   2.51406   0.11601
   2.51412   0.11701
   2.51418   0.11801
   2.51424   0.11901
   2.51430   0.12001
   2.51435   0.12101
   2.51442   0.12201
   2.51448   0.12301
   2.51454   0.12401
   2.51460   0.12501
   2.51466   0.12601
   2.51472   0.12701
   2.51479   0.12801
   2.51485   0.12901
   2.51491   0.13001
   2.51498   0.13101
   2.51504   0.13201
   2.51511   0.13301
   2.51517   0.13401
   2.51524   0.13501
   2.51531   0.13601
   2.51537   0.13701
   2.51544   0.13801
   2.51551   0.13901
   2.51558   0.14001
   2.51565   0.14101
   2.51572   0.14201
   2.51579   0.14301
   2.51586   0.14401
   2.51593   0.14501
   2.51600   0.14601
   2.51607   0.14701
   2.51614   0.14801
   2.51621   0.14901
   2.51629   0.15001
   2.51637   0.15101
   2.51645   0.15201
   2.51655   0.15301
   2.51666   0.15401
   2.51677   0.15501
   2.51690   0.15601
   2.51703   0.15701
   2.51718   0.15801
   2.51733   0.15901
   2.51749   0.16001
   2.51766   0.16101
   2.51784   0.16201
   2.51802   0.16301
   2.51822   0.16401
   2.51842   0.16501
   2.51863   0.16601
   2.51885   0.16701
   2.51908   0.16801
   2.51932   0.16901
   2.51956   0.17001
   2.51981   0.17101
   2.52007   0.17201
   2.52034   0.17301
   2.52061   0.17401
   2.52089   0.17501
   2.52118   0.17601
   2.52148   0.17701
   2.52178   0.17801
   2.52209   0.17901
   2.52241   0.18001
   2.52274   0.18101
   2.52307   0.18201
   2.52341   0.18301
   2.52375   0.18401
   2.52411   0.18501
   2.52446   0.18601
   2.52483   0.18701
   2.52520   0.18801
   2.52558   0.18901
   2.52597   0.19001
   2.52636   0.19101
   2.52675   0.19201
   2.52716   0.19301
   2.52757   0.19401
   2.52798   0.19501
   2.52841   0.19601
   2.52884   0.19701
   2.52927   0.19801
   2.52971   0.19901
   2.53016   0.20001
   2.53061   0.20101
   2.53106   0.20201
   2.53153   0.20301
   2.53200   0.20401
   2.53247   0.20501
   2.53295   0.20601
   2.53344   0.20701
   2.53393   0.20801
   2.53442   0.20901
   2.53492   0.21001
   2.53543   0.21101
   2.53594   0.21201
   2.53646   0.21301
   2.53698   0.21401
   2.53751   0.21501
   2.53804   0.21601
   2.53858   0.21701
   2.53912   0.21801
   2.53967   0.21901
   2.54022   0.22001
   2.54078   0.22101
   2.54134   0.22201
   2.54191   0.22301
   2.54248   0.22401
   2.54306   0.22501
   2.54364   0.22601
   2.54422   0.22701
   2.54481   0.22801
   2.54541   0.22901
   2.54601   0.23001
   2.54661   0.23101
   2.54722   0.23201
   2.54783   0.23301
   2.54845   0.23401
   2.54907   0.23501
   2.54969   0.23601
   2.55032   0.23701
   2.55095   0.23801
   2.55159   0.23901
   2.55223   0.24001
   2.55288   0.24101
   2.55353   0.24201
   2.55418   0.24301
   2.55484   0.24401
   2.55550   0.24501
   2.55617   0.24601
   2.55684   0.24701
   2.55752   0.24801
   2.55819   0.24901
   2.55887   0.25001
   2.55956   0.25101
   2.56025   0.25201
   2.56094   0.25301
   2.56164   0.25401
   2.56234   0.25501
   2.56304   0.25601
   2.56375   0.25701
   2.56446   0.25801
   2.56518   0.25901
   2.56590   0.26001
   2.56662   0.26101
   2.56734   0.26201
   2.56807   0.26301
   2.56881   0.26401
   2.56954   0.26501
   2.57028   0.26601
   2.57102   0.26701
   2.57177   0.26801
   2.57252   0.26901
   2.57327   0.27001
   2.57403   0.27101
   2.57479   0.27201
   2.57555   0.27301
   2.57632   0.27401
   2.57708   0.27501
   2.57786   0.27601
   2.57863   0.27701
   2.57941   0.27801
   2.58019   0.27901
   2.58098   0.28001
   2.58176   0.28101
   2.58256   0.28201
   2.58335   0.28301
   2.58415   0.28401
   2.58495   0.28501
   2.58575   0.28601
   2.58655   0.28701
   2.58736   0.28801
   2.58818   0.28901
   2.58899   0.29001
   2.58981   0.29101
   2.59063   0.29201
   2.59145   0.29301
   2.59228   0.29401
   2.59311   0.29501
   2.59394   0.29601
   2.59477   0.29701
   2.59561   0.29801
   2.59645   0.29901
   2.59729   0.30001
   2.59814   0.30101
   2.59898   0.30201
   2.59983   0.30301
   2.60069   0.30401
   2.60154   0.30501
   2.60240   0.30601
   2.60326   0.30701
   2.60413   0.30801
   2.60499   0.30901
   2.60586   0.31001
   2.60673   0.31101
   2.60761   0.31201
   2.60848   0.31301
   2.60936   0.31401
   2.61024   0.31501
   2.61113   0.31601
   2.61201   0.31701
   2.61290   0.31801
   2.61379   0.31901
   2.61468   0.32001
   2.61558   0.32101
   2.61648   0.32201
   2.61738   0.32301
   2.61828   0.32401
   2.61919   0.32501
   2.62009   0.32601
   2.62100   0.32701
   2.62192   0.32801
   2.62283   0.32901
   2.62375   0.33001
   2.62467   0.33101
   2.62559   0.33201
   2.62651   0.33301
   2.62744   0.33401
   2.62836   0.33501
   2.62929   0.33601
   2.63023   0.33701
   2.63116   0.33801
   2.63210   0.33901
   2.63303   0.34001
   2.63398   0.34101
   2.63492   0.34201
   2.63586   0.34301
   2.63681   0.34401
   2.63776   0.34501
   2.63871   0.34601
   2.63966   0.34701
   2.64062   0.34801
   2.64158   0.34901
   2.64254   0.35001
   2.64350   0.35101
   2.64446   0.35201
   2.64543   0.35301
   2.64639   0.35401
   2.64736   0.35501
   2.64833   0.35601
   2.64931   0.35701
   2.65028   0.35801
   2.65126   0.35901
   2.65224   0.36001
   2.65322   0.36101
   2.65420   0.36201
   2.65519   0.36301
   2.65617   0.36401
   2.65716   0.36501
   2.65815   0.36601
   2.65914   0.36701
   2.66014   0.36801
   2.66113   0.36901
   2.66213   0.37001
   2.66313   0.37101
   2.66413   0.37201
   2.66514   0.37301
   2.66614   0.37401
   2.66715   0.37501
   2.66816   0.37601
   2.66917   0.37701
   2.67018   0.37801
   2.67119   0.37901
   2.67221   0.38001
   2.67323   0.38101
   2.67425   0.38201
   2.67527   0.38301
   2.67629   0.38401
   2.67731   0.38501
   2.67834   0.38601
   2.67937   0.38701
   2.68040   0.38801
   2.68143   0.38901
   2.68246   0.39001
   2.68349   0.39101
   2.68453   0.39201
   2.68557   0.39301
   2.68661   0.39401
   2.68765   0.39501
   2.68869   0.39601
   2.68973   0.39701
   2.69078   0.39801
   2.69182   0.39901
   2.69287   0.40001
   2.69392   0.40101
   2.69498   0.40201
   2.69603   0.40301
   2.69708   0.40401
   2.69814   0.40501
   2.69920   0.40601
   2.70026   0.40701
   2.70132   0.40801
   2.70238   0.40901
   2.70345   0.41001
   2.70451   0.41101
   2.70558   0.41201
   2.70665   0.41301
   2.70772   0.41401
   2.70879   0.41501
   2.70986   0.41601
   2.71094   0.41701
   2.71201   0.41801
   2.71309   0.41901
   2.71417   0.42001
   2.71525   0.42101
   2.71633   0.42201
   2.71741   0.42301
   2.71850   0.42401
   2.71958   0.42501
   2.72067   0.42601
   2.72176   0.42701
   2.72285   0.42801
   2.72394   0.42901
   2.72504   0.43001
   2.72613   0.43101
   2.72723   0.43201
   2.72832   0.43301
   2.72942   0.43401
   2.73052   0.43501
   2.73162   0.43601
   2.73273   0.43701
   2.73383   0.43801
   2.73494   0.43901
   2.73604   0.44001
   2.73715   0.44101
   2.73826   0.44201
   2.73937   0.44301
   2.74048   0.44401
   2.74159   0.44501
   2.74271   0.44601
   2.74383   0.44701
   2.74494   0.44801
   2.74606   0.44901
   2.74718   0.45001
   2.74830   0.45101
   2.74942   0.45201
   2.75055   0.45301
   2.75167   0.45401
   2.75280   0.45501
   2.75392   0.45601
   2.75505   0.45701
   2.75618   0.45801
   2.75731   0.45901
   2.75845   0.46001
   2.75958   0.46101
   2.76071   0.46201
   2.76185   0.46301
   2.76299   0.46401
   2.76413   0.46501
   2.76526   0.46601
   2.76641   0.46701
   2.76755   0.46801
   2.76869   0.46901
   2.76983   0.47001
   2.77098   0.47101
   2.77213   0.47201
   2.77327   0.47301
   2.77442   0.47401
   2.77557   0.47501
   2.77672   0.47601
   2.77788   0.47701
   2.77903   0.47801
   2.78019   0.47901
   2.78134   0.48001
   2.78250   0.48101
   2.78366   0.48201
   2.78482   0.48301
   2.78598   0.48401
   2.78714   0.48501
   2.78830   0.48601
   2.78946   0.48701
   2.79063   0.48801
   2.79179   0.48901
   2.79296   0.49001
   2.79413   0.49101
   2.79530   0.49201
   2.79647   0.49301
   2.79764   0.49401
   2.79881   0.49501
   2.79999   0.49601
   2.80116   0.49701
   2.80234   0.49801
   2.80351   0.49901
