   2.35437   0.00001
   2.35437   0.00101
   2.35439   0.00201
   2.35441   0.00301
   2.35443   0.00401
   2.35447   0.00501
   2.35451   0.00601
   2.35456   0.00701
   2.35461   0.00801
   2.35467   0.00901
   2.35474   0.01001
   2.35482   0.01101
   2.35490   0.01201
   2.35499   0.01301
   2.35508   0.01401
   2.35518   0.01501
   2.35529   0.01601
   2.35540   0.01701
   2.35552   0.01801
   2.35565   0.01901
   2.35578   0.02001
   2.35592   0.02101
   2.35606   0.02201
   2.35621   0.02301
   2.35637   0.02401
   2.35653   0.02501
   2.35670   0.02601
   2.35687   0.02701
   2.35705   0.02801
   2.35723   0.02901
   2.35743   0.03001
   2.35762   0.03101
   2.35783   0.03201
   2.35803   0.03301
   2.35825   0.03401
   2.35847   0.03501
   2.35870   0.03601
   2.35893   0.03701
   2.35916   0.03801
   2.35941   0.03901
   2.35966   0.04001
   2.35991   0.04101
   2.36017   0.04201
   2.36043   0.04301
   2.36070   0.04401
   2.36098   0.04501
   2.36126   0.04601
   2.36155   0.04701
   2.36184   0.04801
   2.36214   0.04901
   2.36244   0.05001
   2.36275   0.05101
   2.36306   0.05201
   2.36338   0.05301
   2.36370   0.05401
   2.36403   0.05501
   2.36437   0.05601
   2.36471   0.05701
   2.36505   0.05801
   2.36540   0.05901
   2.36575   0.06001
   2.36611   0.06101
   2.36648   0.06201
   2.36685   0.06301
   2.36722   0.06401
   2.36760   0.06501
   2.36799   0.06601
   2.36838   0.06701
   2.36877   0.06801
   2.36917   0.06901
   2.36958   0.07001
   2.36999   0.07101
   2.37040   0.07201
   2.37082   0.07301
   2.37124   0.07401
   2.37167   0.07501
   2.37210   0.07601
   2.37254   0.07701
   2.37298   0.07801
   2.37343   0.07901
   2.37388   0.08001
   2.37434   0.08101
   2.37480   0.08201
   2.37526   0.08301
   2.37573   0.08401
   2.37621   0.08501
   2.37669   0.08601
   2.37717   0.08701
   2.37766   0.08801
   2.37815   0.08901
   2.37865   0.09001
   2.37915   0.09101
   2.37965   0.09201
   2.38016   0.09301
   2.38068   0.09401
   2.38119   0.09501
   2.38172   0.09601
   2.38224   0.09701
   2.38277   0.09801
   2.38331   0.09901
   2.38385   0.10001
   2.38439   0.10101
   2.38494   0.10201
   2.38549   0.10301
   2.38605   0.10401
   2.38661   0.10501
   2.38717   0.10601
   2.38774   0.10701
   2.38831   0.10801
   2.38888   0.10901
   2.38946   0.11001
   2.39005   0.11101
   2.39064   0.11201
   2.39123   0.11301
   2.39182   0.11401
   2.39242   0.11501
   2.39302   0.11601
   2.39363   0.11701
   2.39424   0.11801
   2.39485   0.11901
   2.39547   0.12001
   2.39609   0.12101
   2.39672   0.12201
   2.39735   0.12301
   2.39798   0.12401
   2.39862   0.12501
   2.39926   0.12601
   2.39990   0.12701
   2.40055   0.12801
   2.40120   0.12901
   2.40185   0.13001
   2.40251   0.13101
   2.40317   0.13201
   2.40383   0.13301
   2.40450   0.13401
   2.40517   0.13501
   2.40585   0.13601
   2.40653   0.13701
   2.40721   0.13801
   2.40789   0.13901
   2.40858   0.14001
   2.40927   0.14101
   2.40997   0.14201
   2.41067   0.14301
   2.41137   0.14401
   2.41207   0.14501
   2.41278   0.14601
   2.41349   0.14701
   2.41420   0.14801
   2.41492   0.14901
   2.41564   0.15001
   2.41637   0.15101
   2.41709   0.15201
   2.41782   0.15301
   2.41855   0.15401
   2.41929   0.15501
   2.42003   0.15601
   2.42077   0.15701
   2.42152   0.15801
   2.42226   0.15901
   2.42301   0.16001
   2.42377   0.16101
   2.42453   0.16201
   2.42528   0.16301
   2.42605   0.16401
   2.42681   0.16501
   2.42758   0.16601
   2.42835   0.16701
   2.42913   0.16801
   2.42990   0.16901
   2.43068   0.17001
   2.43147   0.17101
   2.43225   0.17201
   2.43304   0.17301
   2.43383   0.17401
   2.43462   0.17501
   2.43542   0.17601
   2.43622   0.17701
   2.43702   0.17801
   2.43782   0.17901
   2.43863   0.18001
   2.43944   0.18101
   2.44025   0.18201
   2.44106   0.18301
   2.44188   0.18401
   2.44270   0.18501
   2.44352   0.18601
   2.44435   0.18701
   2.44518   0.18801
   2.44601   0.18901
   2.44684   0.19001
   2.44767   0.19101
   2.44851   0.19201
   2.44935   0.19301
   2.45019   0.19401
   2.45104   0.19501
   2.45188   0.19601
   2.45273   0.19701
   2.45359   0.19801
   2.45444   0.19901
   2.45530   0.20001
   2.45616   0.20101
   2.45702   0.20201
   2.45788   0.20301
   2.45875   0.20401
   2.45962   0.20501
   2.46049   0.20601
   2.46136   0.20701
   2.46223   0.20801
   2.46311   0.20901
   2.46399   0.21001
   2.46487   0.21101
   2.46576   0.21201
   2.46664   0.21301
   2.46753   0.21401
   2.46842   0.21501
   2.46931   0.21601
   2.47021   0.21701
   2.47111   0.21801
   2.47201   0.21901
   2.47291   0.22001
   2.47381   0.22101
   2.47472   0.22201
   2.47562   0.22301
   2.47653   0.22401
   2.47745   0.22501
   2.47836   0.22601
   2.47928   0.22701
   2.48019   0.22801
   2.48111   0.22901
   2.48204   0.23001
   2.48296   0.23101
   2.48389   0.23201
   2.48481   0.23301
   2.48574   0.23401
   2.48668   0.23501
   2.48761   0.23601
   2.48855   0.23701
   2.48948   0.23801
   2.49042   0.23901
   2.49137   0.24001
   2.49231   0.24101
   2.49325   0.24201
   2.49420   0.24301
   2.49515   0.24401
   2.49610   0.24501
   2.49706   0.24601
   2.49801   0.24701
   2.49897   0.24801
   2.49992   0.24901
   2.50089   0.25001
   2.50185   0.25101
   2.50281   0.25201
   2.50378   0.25301
   2.50474   0.25401
   2.50571   0.25501
   2.50669   0.25601
   2.50766   0.25701
   2.50863   0.25801
   2.50961   0.25901
   2.51059   0.26001
   2.51157   0.26101
   2.51255   0.26201
   2.51353   0.26301
   2.51452   0.26401
   2.51550   0.26501
   2.51649   0.26601
   2.51748   0.26701
   2.51847   0.26801
   2.51947   0.26901
   2.52046   0.27001
   2.52146   0.27101
   2.52246   0.27201
   2.52346   0.27301
   2.52446   0.27401
   2.52546   0.27501
   2.52647   0.27601
   2.52747   0.27701
   2.52848   0.27801
   2.52949   0.27901
   2.53050   0.28001
   2.53151   0.28101
   2.53253   0.28201
   2.53354   0.28301
   2.53456   0.28401
   2.53558   0.28501
   2.53660   0.28601
   2.53762   0.28701
   2.53865   0.28801
   2.53967   0.28901
   2.54070   0.29001
   2.54173   0.29101
   2.54276   0.29201
   2.54379   0.29301
   2.54482   0.29401
   2.54586   0.29501
   2.54689   0.29601
   2.54793   0.29701
   2.54897   0.29801
   2.55001   0.29901
   2.55105   0.30001
   2.55209   0.30101
   2.55314   0.30201
   2.55418   0.30301
   2.55523   0.30401
   2.55628   0.30501
   2.55733   0.30601
   2.55838   0.30701
   2.55943   0.30801
   2.56049   0.30901
   2.56154   0.31001
   2.56260   0.31101
   2.56366   0.31201
   2.56472   0.31301
   2.56578   0.31401
   2.56684   0.31501
   2.56790   0.31601
   2.56897   0.31701
   2.57004   0.31801
   2.57110   0.31901
   2.57217   0.32001
   2.57324   0.32101
   2.57432   0.32201
   2.57539   0.32301
   2.57646   0.32401
   2.57754   0.32501
   2.57862   0.32601
   2.57970   0.32701
   2.58077   0.32801
   2.58186   0.32901
   2.58294   0.33001
   2.58402   0.33101
   2.58511   0.33201
   2.58619   0.33301
   2.58728   0.33401
   2.58837   0.33501
   2.58946   0.33601
   2.59055   0.33701
   2.59164   0.33801
   2.59274   0.33901
   2.59383   0.34001
   2.59493   0.34101
   2.59602   0.34201
   2.59712   0.34301
   2.59822   0.34401
   2.59932   0.34501
   2.60043   0.34601
   2.60153   0.34701
   2.60263   0.34801
   2.60374   0.34901
   2.60485   0.35001
   2.60596   0.35101
   2.60707   0.35201
   2.60818   0.35301
   2.60929   0.35401
   2.61040   0.35501
   2.61151   0.35601
   2.61263   0.35701
   2.61375   0.35801
   2.61486   0.35901
   2.61598   0.36001
   2.61710   0.36101
   2.61822   0.36201
   2.61935   0.36301
   2.62047   0.36401
   2.62159   0.36501
   2.62272   0.36601
   2.62385   0.36701
   2.62497   0.36801
   2.62610   0.36901
   2.62723   0.37001
   2.62836   0.37101
   2.62949   0.37201
   2.63063   0.37301
   2.63176   0.37401
   2.63290   0.37501
   2.63403   0.37601
   2.63517   0.37701
   2.63631   0.37801
   2.63745   0.37901
   2.63859   0.38001
   2.63973   0.38101
   2.64088   0.38201
   2.64202   0.38301
   2.64317   0.38401
   2.64431   0.38501
   2.64546   0.38601
   2.64661   0.38701
   2.64776   0.38801
   2.64891   0.38901
   2.65006   0.39001
   2.65121   0.39101
   2.65236   0.39201
   2.65352   0.39301
   2.65467   0.39401
   2.65583   0.39501
   2.65699   0.39601
   2.65815   0.39701
   2.65931   0.39801
   2.66047   0.39901
   2.66163   0.40001
   2.66279   0.40101
   2.66395   0.40201
   2.66512   0.40301
   2.66628   0.40401
   2.66745   0.40501
   2.66862   0.40601
   2.66979   0.40701
   2.67096   0.40801
   2.67213   0.40901
   2.67330   0.41001
   2.67447   0.41101
   2.67564   0.41201
   2.67682   0.41301
   2.67799   0.41401
   2.67917   0.41501
   2.68035   0.41601
   2.68152   0.41701
   2.68270   0.41801
   2.68388   0.41901
   2.68506   0.42001
   2.68625   0.42101
   2.68743   0.42201
   2.68861   0.42301
   2.68980   0.42401
   2.69098   0.42501
   2.69217   0.42601
   2.69336   0.42701
   2.69455   0.42801
   2.69574   0.42901
   2.69693   0.43001
   2.69812   0.43101
   2.69931   0.43201
   2.70050   0.43301
   2.70170   0.43401
   2.70289   0.43501
   2.70409   0.43601
   2.70528   0.43701
   2.70648   0.43801
   2.70768   0.43901
   2.70888   0.44001
   2.71008   0.44101
   2.71128   0.44201
   2.71248   0.44301
   2.71368   0.44401
   2.71489   0.44501
   2.71609   0.44601
   2.71730   0.44701
   2.71850   0.44801
   2.71971   0.44901
   2.72092   0.45001
   2.72213   0.45101
   2.72334   0.45201
   2.72455   0.45301
   2.72576   0.45401
   2.72697   0.45501
   2.72818   0.45601
   2.72940   0.45701
   2.73061   0.45801
   2.73183   0.45901
   2.73304   0.46001
   2.73426   0.46101
   2.73548   0.46201
   2.73670   0.46301
   2.73792   0.46401
   2.73914   0.46501
   2.74036   0.46601
   2.74158   0.46701
   2.74281   0.46801
   2.74403   0.46901
   2.74525   0.47001
   2.74648   0.47101
   2.74771   0.47201
   2.74893   0.47301
   2.75016   0.47401
   2.75139   0.47501
   2.75262   0.47601
   2.75385   0.47701
   2.75508   0.47801
   2.75631   0.47901
   2.75755   0.48001
   2.75878   0.48101
   2.76001   0.48201
   2.76125   0.48301
   2.76248   0.48401
   2.76372   0.48501
   2.76496   0.48601
   2.76620   0.48701
   2.76744   0.48801
   2.76868   0.48901
   2.76992   0.49001
   2.77116   0.49101
   2.77240   0.49201
   2.77364   0.49301
   2.77489   0.49401
   2.77613   0.49501
   2.77738   0.49601
   2.77862   0.49701
   2.77987   0.49801
   2.78112   0.49901
