   2.62083   0.00001
   2.62083   0.00101
   2.62083   0.00201
   2.62083   0.00301
   2.62083   0.00401
   2.62083   0.00501
   2.62083   0.00601
   2.62084   0.00701
   2.62084   0.00801
   2.62084   0.00901
   2.62085   0.01001
   2.62085   0.01101
   2.62086   0.01201
   2.62086   0.01301
   2.62087   0.01401
   2.62087   0.01501
   2.62088   0.01601
   2.62089   0.01701
   2.62089   0.01801
   2.62090   0.01901
   2.62091   0.02001
   2.62092   0.02101
   2.62093   0.02201
   2.62094   0.02301
   2.62095   0.02401
   2.62096   0.02501
   2.62097   0.02601
   2.62098   0.02701
   2.62099   0.02801
   2.62100   0.02901
   2.62101   0.03001
   2.62103   0.03101
   2.62104   0.03201
   2.62105   0.03301
   2.62107   0.03401
   2.62108   0.03501
   2.62110   0.03601
   2.62111   0.03701
   2.62113   0.03801
   2.62114   0.03901
   2.62116   0.04001
   2.62118   0.04101
   2.62119   0.04201
   2.62121   0.04301
   2.62123   0.04401
   2.62125   0.04501
   2.62127   0.04601
   2.62129   0.04701
   2.62131   0.04801
   2.62133   0.04901
   2.62135   0.05001
   2.62137   0.05101
   2.62139   0.05201
   2.62141   0.05301
   2.62143   0.05401
   2.62146   0.05501
   2.62148   0.05601
   2.62150   0.05701
   2.62153   0.05801
   2.62155   0.05901
   2.62158   0.06001
   2.62160   0.06101
   2.62163   0.06201
   2.62165   0.06301
   2.62168   0.06401
   2.62171   0.06501
   2.62173   0.06601
   2.62176   0.06701
   2.62179   0.06801
   2.62182   0.06901
   2.62185   0.07001
   2.62187   0.07101
   2.62190   0.07201
   2.62193   0.07301
   2.62196   0.07401
   2.62200   0.07501
   2.62203   0.07601
   2.62206   0.07701
   2.62209   0.07801
   2.62212   0.07901
   2.62216   0.08001
   2.62219   0.08101
   2.62222   0.08201
   2.62226   0.08301
   2.62229   0.08401
   2.62233   0.08501
   2.62236   0.08601
   2.62240   0.08701
   2.62243   0.08801
   2.62247   0.08901
   2.62251   0.09001
   2.62254   0.09101
   2.62258   0.09201
   2.62262   0.09301
   2.62266   0.09401
   2.62270   0.09501
   2.62274   0.09601
   2.62278   0.09701
   2.62282   0.09801
   2.62286   0.09901
   2.62290   0.10001
   2.62294   0.10101
   2.62298   0.10201
   2.62302   0.10301
   2.62306   0.10401
   2.62311   0.10501
   2.62315   0.10601
   2.62319   0.10701
   2.62324   0.10801
   2.62328   0.10901
   2.62333   0.11001
   2.62337   0.11101
   2.62342   0.11201
   2.62346   0.11301
   2.62351   0.11401
   2.62356   0.11501
   2.62360   0.11601
   2.62365   0.11701
   2.62370   0.11801
   2.62375   0.11901
   2.62380   0.12001
   2.62385   0.12101
   2.62390   0.12201
   2.62395   0.12301
   2.62400   0.12401
   2.62405   0.12501
   2.62410   0.12601
   2.62415   0.12701
   2.62420   0.12801
   2.62425   0.12901
   2.62431   0.13001
   2.62436   0.13101
   2.62441   0.13201
   2.62447   0.13301
   2.62452   0.13401
   2.62457   0.13501
   2.62463   0.13601
   2.62468   0.13701
   2.62474   0.13801
   2.62480   0.13901
   2.62485   0.14001
   2.62491   0.14101
   2.62497   0.14201
   2.62502   0.14301
   2.62508   0.14401
   2.62514   0.14501
   2.62520   0.14601
   2.62526   0.14701
   2.62532   0.14801
   2.62538   0.14901
   2.62544   0.15001
   2.62550   0.15101
   2.62556   0.15201
   2.62562   0.15301
   2.62568   0.15401
   2.62574   0.15501
   2.62580   0.15601
   2.62587   0.15701
   2.62593   0.15801
   2.62599   0.15901
   2.62606   0.16001
   2.62612   0.16101
   2.62619   0.16201
   2.62625   0.16301
   2.62632   0.16401
   2.62638   0.16501
   2.62645   0.16601
   2.62651   0.16701
   2.62658   0.16801
   2.62665   0.16901
   2.62672   0.17001
   2.62678   0.17101
   2.62685   0.17201
   2.62692   0.17301
   2.62699   0.17401
   2.62706   0.17501
   2.62713   0.17601
   2.62720   0.17701
   2.62727   0.17801
   2.62734   0.17901
   2.62741   0.18001
   2.62748   0.18101
   2.62755   0.18201
   2.62763   0.18301
   2.62770   0.18401
   2.62777   0.18501
   2.62784   0.18601
   2.62792   0.18701
   2.62799   0.18801
   2.62807   0.18901
   2.62814   0.19001
   2.62821   0.19101
   2.62829   0.19201
   2.62837   0.19301
   2.62844   0.19401
   2.62852   0.19501
   2.62859   0.19601
   2.62867   0.19701
   2.62875   0.19801
   2.62883   0.19901
   2.62890   0.20001
   2.62898   0.20101
   2.62906   0.20201
   2.62914   0.20301
   2.62922   0.20401
   2.62930   0.20501
   2.62938   0.20601
   2.62946   0.20701
   2.62954   0.20801
   2.62962   0.20901
   2.62970   0.21001
   2.62978   0.21101
   2.62987   0.21201
   2.62995   0.21301
   2.63003   0.21401
   2.63011   0.21501
   2.63020   0.21601
   2.63028   0.21701
   2.63037   0.21801
   2.63045   0.21901
   2.63053   0.22001
   2.63062   0.22101
   2.63070   0.22201
   2.63079   0.22301
   2.63088   0.22401
   2.63097   0.22501
   2.63107   0.22601
   2.63118   0.22701
   2.63130   0.22801
   2.63143   0.22901
   2.63157   0.23001
   2.63171   0.23101
   2.63187   0.23201
   2.63203   0.23301
   2.63220   0.23401
   2.63237   0.23501
   2.63256   0.23601
   2.63275   0.23701
   2.63295   0.23801
   2.63316   0.23901
   2.63337   0.24001
   2.63360   0.24101
   2.63383   0.24201
   2.63407   0.24301
   2.63431   0.24401
   2.63456   0.24501
   2.63482   0.24601
   2.63509   0.24701
   2.63536   0.24801
   2.63564   0.24901
   2.63593   0.25001
   2.63623   0.25101
   2.63653   0.25201
   2.63684   0.25301
   2.63715   0.25401
   2.63747   0.25501
   2.63780   0.25601
   2.63813   0.25701
   2.63847   0.25801
   2.63882   0.25901
   2.63918   0.26001
   2.63954   0.26101
   2.63990   0.26201
   2.64027   0.26301
   2.64065   0.26401
   2.64104   0.26501
   2.64143   0.26601
   2.64182   0.26701
   2.64222   0.26801
   2.64263   0.26901
   2.64305   0.27001
   2.64347   0.27101
   2.64389   0.27201
   2.64432   0.27301
   2.64476   0.27401
   2.64520   0.27501
   2.64565   0.27601
   2.64610   0.27701
   2.64656   0.27801
   2.64702   0.27901
   2.64749   0.28001
   2.64797   0.28101
   2.64845   0.28201
   2.64893   0.28301
   2.64942   0.28401
   2.64992   0.28501
   2.65042   0.28601
   2.65092   0.28701
   2.65143   0.28801
   2.65195   0.28901
   2.65247   0.29001
   2.65300   0.29101
   2.65353   0.29201
   2.65406   0.29301
   2.65460   0.29401
   2.65515   0.29501
   2.65569   0.29601
   2.65625   0.29701
   2.65681   0.29801
   2.65737   0.29901
   2.65794   0.30001
   2.65851   0.30101
   2.65909   0.30201
   2.65967   0.30301
   2.66025   0.30401
   2.66084   0.30501
   2.66144   0.30601
   2.66204   0.30701
   2.66264   0.30801
   2.66325   0.30901
   2.66386   0.31001
   2.66448   0.31101
   2.66510   0.31201
   2.66572   0.31301
   2.66635   0.31401
   2.66698   0.31501
   2.66762   0.31601
   2.66826   0.31701
   2.66890   0.31801
   2.66955   0.31901
   2.67020   0.32001
   2.67086   0.32101
   2.67152   0.32201
   2.67218   0.32301
   2.67285   0.32401
   2.67352   0.32501
   2.67420   0.32601
   2.67488   0.32701
   2.67556   0.32801
   2.67625   0.32901
   2.67694   0.33001
   2.67763   0.33101
   2.67833   0.33201
   2.67903   0.33301
   2.67974   0.33401
   2.68044   0.33501
   2.68116   0.33601
   2.68187   0.33701
   2.68259   0.33801
   2.68331   0.33901
   2.68404   0.34001
   2.68477   0.34101
   2.68550   0.34201
   2.68624   0.34301
   2.68698   0.34401
   2.68772   0.34501
   2.68847   0.34601
   2.68921   0.34701
   2.68997   0.34801
   2.69072   0.34901
   2.69148   0.35001
   2.69224   0.35101
   2.69301   0.35201
   2.69378   0.35301
   2.69455   0.35401
   2.69533   0.35501
   2.69610   0.35601
   2.69688   0.35701
   2.69767   0.35801
   2.69846   0.35901
   2.69925   0.36001
   2.70004   0.36101
   2.70084   0.36201
   2.70164   0.36301
   2.70244   0.36401
   2.70324   0.36501
   2.70405   0.36601
   2.70486   0.36701
   2.70568   0.36801
   2.70649   0.36901
   2.70731   0.37001
   2.70813   0.37101
   2.70896   0.37201
   2.70979   0.37301
   2.71062   0.37401
   2.71145   0.37501
   2.71229   0.37601
   2.71313   0.37701
   2.71397   0.37801
   2.71481   0.37901
   2.71566   0.38001
   2.71651   0.38101
   2.71736   0.38201
   2.71822   0.38301
   2.71908   0.38401
   2.71994   0.38501
   2.72080   0.38601
   2.72166   0.38701
   2.72253   0.38801
   2.72340   0.38901
   2.72428   0.39001
   2.72515   0.39101
   2.72603   0.39201
   2.72691   0.39301
   2.72779   0.39401
   2.72868   0.39501
   2.72957   0.39601
   2.73046   0.39701
   2.73135   0.39801
   2.73225   0.39901
   2.73314   0.40001
   2.73404   0.40101
   2.73495   0.40201
   2.73585   0.40301
   2.73676   0.40401
   2.73767   0.40501
   2.73858   0.40601
   2.73949   0.40701
   2.74041   0.40801
   2.74133   0.40901
   2.74225   0.41001
   2.74317   0.41101
   2.74410   0.41201
   2.74503   0.41301
   2.74596   0.41401
   2.74689   0.41501
   2.74782   0.41601
   2.74876   0.41701
   2.74970   0.41801
   2.75064   0.41901
   2.75158   0.42001
   2.75253   0.42101
   2.75348   0.42201
   2.75442   0.42301
   2.75538   0.42401
   2.75633   0.42501
   2.75729   0.42601
   2.75824   0.42701
   2.75920   0.42801
   2.76017   0.42901
   2.76113   0.43001
   2.76210   0.43101
   2.76306   0.43201
   2.76403   0.43301
   2.76501   0.43401
   2.76598   0.43501
   2.76696   0.43601
   2.76793   0.43701
   2.76891   0.43801
   2.76990   0.43901
   2.77088   0.44001
   2.77186   0.44101
   2.77285   0.44201
   2.77384   0.44301
   2.77483   0.44401
   2.77583   0.44501
   2.77682   0.44601
   2.77782   0.44701
   2.77882   0.44801
   2.77982   0.44901
   2.78082   0.45001
   2.78183   0.45101
   2.78283   0.45201
   2.78384   0.45301
   2.78485   0.45401
   2.78586   0.45501
   2.78688   0.45601
   2.78789   0.45701
   2.78891   0.45801
   2.78993   0.45901
   2.79095   0.46001
   2.79197   0.46101
   2.79300   0.46201
   2.79402   0.46301
   2.79505   0.46401
   2.79608   0.46501
   2.79711   0.46601
   2.79815   0.46701
   2.79918   0.46801
   2.80022   0.46901
   2.80126   0.47001
   2.80230   0.47101
   2.80334   0.47201
   2.80438   0.47301
   2.80542   0.47401
   2.80647   0.47501
   2.80752   0.47601
   2.80857   0.47701
   2.80962   0.47801
   2.81067   0.47901
   2.81173   0.48001
   2.81278   0.48101
   2.81384   0.48201
   2.81490   0.48301
   2.81596   0.48401
   2.81703   0.48501
   2.81809   0.48601
   2.81916   0.48701
   2.82022   0.48801
   2.82129   0.48901
   2.82236   0.49001
   2.82343   0.49101
   2.82451   0.49201
   2.82558   0.49301
   2.82666   0.49401
   2.82774   0.49501
   2.82882   0.49601
   2.82990   0.49701
   2.83098   0.49801
   2.83206   0.49901
