   0.00000  -3.31016  -2.82427   2.82427   3.31016   0.24839
   0.01000  -3.31009  -2.82419   2.82419   3.31009   0.24839
   0.02000  -3.30986  -2.82398   2.82398   3.30986   0.24839
   0.03000  -3.30950  -2.82361   2.82361   3.30950   0.24839
   0.04000  -3.30898  -2.82310   2.82310   3.30898   0.24839
   0.05000  -3.30832  -2.82244   2.82244   3.30832   0.24839
   0.06000  -3.30751  -2.82164   2.82164   3.30751   0.24839
   0.07000  -3.30655  -2.82069   2.82069   3.30655   0.24839
   0.08000  -3.30545  -2.81959   2.81959   3.30545   0.24839
   0.09000  -3.30420  -2.81835   2.81835   3.30420   0.24839
   0.10000  -3.30280  -2.81697   2.81697   3.30280   0.24839
   0.11000  -3.30126  -2.81543   2.81543   3.30126   0.24839
   0.12000  -3.29957  -2.81376   2.81376   3.29957   0.24839
   0.13000  -3.29773  -2.81193   2.81193   3.29773   0.24839
   0.14000  -3.29575  -2.80997   2.80997   3.29575   0.24839
   0.15000  -3.29362  -2.80785   2.80785   3.29362   0.24839
   0.16000  -3.29135  -2.80560   2.80560   3.29135   0.24839
   0.17000  -3.28893  -2.80319   2.80319   3.28893   0.24839
   0.18000  -3.28636  -2.80065   2.80065   3.28636   0.24839
   0.19000  -3.28365  -2.79796   2.79796   3.28365   0.24839
   0.20000  -3.28080  -2.79512   2.79512   3.28080   0.24839
   0.21000  -3.27780  -2.79214   2.79214   3.27780   0.24839
   0.22000  -3.27465  -2.78902   2.78902   3.27465   0.24839
   0.23000  -3.27136  -2.78576   2.78576   3.27136   0.24839
   0.24000  -3.26793  -2.78235   2.78235   3.26793   0.24839
   0.25000  -3.26435  -2.77880   2.77880   3.26435   0.24839
   0.26000  -3.26063  -2.77510   2.77510   3.26063   0.24839
   0.27000  -3.25677  -2.77127   2.77127   3.25677   0.24839
   0.28000  -3.25276  -2.76729   2.76729   3.25276   0.24839
   0.29000  -3.24861  -2.76317   2.76317   3.24861   0.24839
   0.30000  -3.24432  -2.75891   2.75891   3.24432   0.24839
   0.31000  -3.23988  -2.75452   2.75452   3.23988   0.24839
   0.32000  -3.23531  -2.74998   2.74998   3.23531   0.24839
   0.33000  -3.23059  -2.74530   2.74530   3.23059   0.24839
   0.34000  -3.22573  -2.74048   2.74048   3.22573   0.24839
   0.35000  -3.22073  -2.73552   2.73552   3.22073   0.24839
   0.36000  -3.21560  -2.73042   2.73042   3.21560   0.24839
   0.37000  -3.21032  -2.72518   2.72518   3.21032   0.24839
   0.38000  -3.20490  -2.71981   2.71981   3.20490   0.24839
   0.39000  -3.19935  -2.71430   2.71430   3.19935   0.24839
   0.40000  -3.19365  -2.70865   2.70865   3.19365   0.24839
   0.41000  -3.18782  -2.70287   2.70287   3.18782   0.24839
   0.42000  -3.18185  -2.69695   2.69695   3.18185   0.24839
   0.43000  -3.17575  -2.69089   2.69089   3.17575   0.24839
   0.44000  -3.16950  -2.68470   2.68470   3.16950   0.24839
   0.45000  -3.16313  -2.67838   2.67838   3.16313   0.24839
   0.46000  -3.15661  -2.67192   2.67192   3.15661   0.24839
   0.47000  -3.14996  -2.66533   2.66533   3.14996   0.24839
   0.48000  -3.14318  -2.65860   2.65860   3.14318   0.24839
   0.49000  -3.13627  -2.65174   2.65174   3.13627   0.24839
   0.50000  -3.12922  -2.64476   2.64476   3.12922   0.24839
   0.51000  -3.12203  -2.63764   2.63764   3.12203   0.24839
   0.52000  -3.11472  -2.63039   2.63039   3.11472   0.24839
   0.53000  -3.10727  -2.62301   2.62301   3.10727   0.24839
   0.54000  -3.09970  -2.61550   2.61550   3.09970   0.24839
   0.55000  -3.09199  -2.60786   2.60786   3.09199   0.24839
   0.56000  -3.08416  -2.60009   2.60009   3.08416   0.24839
   0.57000  -3.07619  -2.59220   2.59220   3.07619   0.24839
   0.58000  -3.06810  -2.58418   2.58418   3.06810   0.24839
   0.59000  -3.05988  -2.57604   2.57604   3.05988   0.24839
   0.60000  -3.05153  -2.56777   2.56777   3.05153   0.24839
   0.61000  -3.04305  -2.55937   2.55937   3.04305   0.24839
   0.62000  -3.03445  -2.55086   2.55086   3.03445   0.24839
   0.63000  -3.02573  -2.54222   2.54222   3.02573   0.24839
   0.64000  -3.01688  -2.53345   2.53345   3.01688   0.24839
   0.65000  -3.00791  -2.52457   2.52457   3.00791   0.24839
   0.66000  -2.99881  -2.51556   2.51556   2.99881   0.24839
   0.67000  -2.98960  -2.50644   2.50644   2.98960   0.24839
   0.68000  -2.98026  -2.49720   2.49720   2.98026   0.24839
   0.69000  -2.97080  -2.48783   2.48783   2.97080   0.24839
   0.70000  -2.96122  -2.47836   2.47836   2.96122   0.24839
   0.71000  -2.95152  -2.46876   2.46876   2.95152   0.24839
   0.72000  -2.94171  -2.45905   2.45905   2.94171   0.24839
   0.73000  -2.93178  -2.44922   2.44922   2.93178   0.24839
   0.74000  -2.92173  -2.43928   2.43928   2.92173   0.24839
   0.75000  -2.91156  -2.42923   2.42923   2.91156   0.24839
   0.76000  -2.90128  -2.41906   2.41906   2.90128   0.24839
   0.77000  -2.89089  -2.40879   2.40879   2.89089   0.24839
   0.78000  -2.88038  -2.39840   2.39840   2.88038   0.24839
   0.79000  -2.86976  -2.38790   2.38790   2.86976   0.24839
   0.80000  -2.85903  -2.37730   2.37730   2.85903   0.24839
   0.81000  -2.84819  -2.36659   2.36659   2.84819   0.24839
   0.82000  -2.83724  -2.35577   2.35577   2.83724   0.24839
   0.83000  -2.82619  -2.34484   2.34484   2.82619   0.24839
   0.84000  -2.81502  -2.33381   2.33381   2.81502   0.24839
   0.85000  -2.80375  -2.32268   2.32268   2.80375   0.24839
   0.86000  -2.79237  -2.31144   2.31144   2.79237   0.24839
   0.87000  -2.78089  -2.30011   2.30011   2.78089   0.24839
   0.88000  -2.76930  -2.28867   2.28867   2.76930   0.24839
   0.89000  -2.75761  -2.27713   2.27713   2.75761   0.24839
   0.90000  -2.74582  -2.26550   2.26550   2.74582   0.24839
   0.91000  -2.73392  -2.25377   2.25377   2.73392   0.24839
   0.92000  -2.72193  -2.24194   2.24194   2.72193   0.24839
   0.93000  -2.70984  -2.23002   2.23002   2.70984   0.24839
   0.94000  -2.69765  -2.21800   2.21800   2.69765   0.24839
   0.95000  -2.68536  -2.20589   2.20589   2.68536   0.24839
   0.96000  -2.67298  -2.19369   2.19369   2.67298   0.24839
   0.97000  -2.66051  -2.18139   2.18139   2.66051   0.24839
   0.98000  -2.64794  -2.16901   2.16901   2.64794   0.24839
   0.99000  -2.63527  -2.15654   2.15654   2.63527   0.24839
   1.00000  -2.62252  -2.14399   2.14399   2.62252   0.24839
   1.01000  -2.60967  -2.13135   2.13135   2.60967   0.24839
   1.02000  -2.59674  -2.11862   2.11862   2.59674   0.24839
   1.03000  -2.58372  -2.10581   2.10581   2.58372   0.24839
   1.04000  -2.57061  -2.09292   2.09292   2.57061   0.24839
   1.05000  -2.55741  -2.07995   2.07995   2.55741   0.24839
   1.06000  -2.54414  -2.06690   2.06690   2.54414   0.24839
   1.07000  -2.53077  -2.05377   2.05377   2.53077   0.24839
   1.08000  -2.51733  -2.04056   2.04056   2.51733   0.24839
   1.09000  -2.50380  -2.02728   2.02728   2.50380   0.24839
   1.10000  -2.49019  -2.01392   2.01392   2.49019   0.24839
   1.11000  -2.47651  -2.00050   2.00050   2.47651   0.24839
   1.12000  -2.46274  -1.98700   1.98700   2.46274   0.24839
   1.13000  -2.44891  -1.97343   1.97343   2.44891   0.24839
   1.14000  -2.43499  -1.95979   1.95979   2.43499   0.24839
   1.15000  -2.42100  -1.94609   1.94609   2.42100   0.24839
   1.16000  -2.40694  -1.93232   1.93232   2.40694   0.24839
   1.17000  -2.39281  -1.91848   1.91848   2.39281   0.24839
   1.18000  -2.37861  -1.90459   1.90459   2.37861   0.24839
   1.19000  -2.36433  -1.89063   1.89063   2.36433   0.24839
   1.20000  -2.34999  -1.87662   1.87662   2.34999   0.24839
   1.21000  -2.33559  -1.86254   1.86254   2.33559   0.24839
   1.22000  -2.32112  -1.84841   1.84841   2.32112   0.24839
   1.23000  -2.30659  -1.83423   1.83423   2.30659   0.24839
   1.24000  -2.29199  -1.81999   1.81999   2.29199   0.24839
   1.25000  -2.27733  -1.80570   1.80570   2.27733   0.24839
   1.26000  -2.26262  -1.79136   1.79136   2.26262   0.24839
   1.27000  -2.24784  -1.77697   1.77697   2.24784   0.24839
   1.28000  -2.23301  -1.76254   1.76254   2.23301   0.24839
   1.29000  -2.21812  -1.74806   1.74806   2.21812   0.24839
   1.30000  -2.20318  -1.73354   1.73354   2.20318   0.24839
   1.31000  -2.18819  -1.71898   1.71898   2.18819   0.24839
   1.32000  -2.17314  -1.70437   1.70437   2.17314   0.24839
   1.33000  -2.15805  -1.68974   1.68974   2.15805   0.24839
   1.34000  -2.14291  -1.67506   1.67506   2.14291   0.24839
   1.35000  -2.12772  -1.66035   1.66035   2.12772   0.24839
   1.36000  -2.11248  -1.64561   1.64561   2.11248   0.24839
   1.37000  -2.09721  -1.63084   1.63084   2.09721   0.24839
   1.38000  -2.08189  -1.61605   1.61605   2.08189   0.24839
   1.39000  -2.06652  -1.60122   1.60122   2.06652   0.24839
   1.40000  -2.05112  -1.58638   1.58638   2.05112   0.24839
   1.41000  -2.03569  -1.57151   1.57151   2.03569   0.24839
   1.42000  -2.02021  -1.55662   1.55662   2.02021   0.24839
   1.43000  -2.00470  -1.54172   1.54172   2.00470   0.24839
   1.44000  -1.98916  -1.52680   1.52680   1.98916   0.24839
   1.45000  -1.97359  -1.51187   1.51187   1.97359   0.24839
   1.46000  -1.95799  -1.49693   1.49693   1.95799   0.24839
   1.47000  -1.94236  -1.48198   1.48198   1.94236   0.24839
   1.48000  -1.92670  -1.46702   1.46702   1.92670   0.24839
   1.49000  -1.91102  -1.45206   1.45206   1.91102   0.24839
   1.50000  -1.89531  -1.43710   1.43710   1.89531   0.24839
   1.51000  -1.87959  -1.42214   1.42214   1.87959   0.24839
   1.52000  -1.86384  -1.40719   1.40719   1.86384   0.24839
   1.53000  -1.84808  -1.39224   1.39224   1.84808   0.24839
   1.54000  -1.83230  -1.37731   1.37731   1.83230   0.24839
   1.55000  -1.81650  -1.36238   1.36238   1.81650   0.24839
   1.56000  -1.80069  -1.34748   1.34748   1.80069   0.24839
   1.57000  -1.78488  -1.33259   1.33259   1.78488   0.24839
   1.58000  -1.76905  -1.31772   1.31772   1.76905   0.24839
   1.59000  -1.75322  -1.30288   1.30288   1.75322   0.24839
   1.60000  -1.73738  -1.28806   1.28806   1.73738   0.24839
   1.61000  -1.72154  -1.27328   1.27328   1.72154   0.24839
   1.62000  -1.70569  -1.25853   1.25853   1.70569   0.24839
   1.63000  -1.68985  -1.24381   1.24381   1.68985   0.24839
   1.64000  -1.67401  -1.22914   1.22914   1.67401   0.24839
   1.65000  -1.65817  -1.21451   1.21451   1.65817   0.24839
   1.66000  -1.64234  -1.19994   1.19994   1.64234   0.24839
   1.67000  -1.62652  -1.18541   1.18541   1.62652   0.24839
   1.68000  -1.61071  -1.17094   1.17094   1.61071   0.24839
   1.69000  -1.59491  -1.15653   1.15653   1.59491   0.24839
   1.70000  -1.57913  -1.14218   1.14218   1.57913   0.24839
   1.71000  -1.56337  -1.12791   1.12791   1.56337   0.24839
   1.72000  -1.54762  -1.11370   1.11370   1.54762   0.24839
   1.73000  -1.53190  -1.09958   1.09958   1.53190   0.24839
   1.74000  -1.51619  -1.08553   1.08553   1.51619   0.24839
   1.75000  -1.50052  -1.07157   1.07157   1.50052   0.24839
   1.76000  -1.48487  -1.05771   1.05771   1.48487   0.24839
   1.77000  -1.46926  -1.04394   1.04394   1.46926   0.24839
   1.78000  -1.45367  -1.03027   1.03027   1.45367   0.24839
   1.79000  -1.43813  -1.01671   1.01671   1.43813   0.24839
   1.80000  -1.42262  -1.00327   1.00327   1.42262   0.24839
   1.81000  -1.40715  -0.98994   0.98994   1.40715   0.24839
   1.82000  -1.39173  -0.97674   0.97674   1.39173   0.24839
   1.83000  -1.37635  -0.96367   0.96367   1.37635   0.24839
   1.84000  -1.36101  -0.95073   0.95073   1.36101   0.24839
   1.85000  -1.34574  -0.93794   0.93794   1.34574   0.24839
   1.86000  -1.33051  -0.92530   0.92530   1.33051   0.24839
   1.87000  -1.31534  -0.91282   0.91282   1.31534   0.24839
   1.88000  -1.30023  -0.90050   0.90050   1.30023   0.24839
   1.89000  -1.28518  -0.88836   0.88836   1.28518   0.24839
   1.90000  -1.27020  -0.87639   0.87639   1.27020   0.24839
   1.91000  -1.25529  -0.86462   0.86462   1.25529   0.24839
   1.92000  -1.24045  -0.85303   0.85303   1.24045   0.24839
   1.93000  -1.22568  -0.84165   0.84165   1.22568   0.24839
   1.94000  -1.21100  -0.83048   0.83048   1.21100   0.24839
   1.95000  -1.19639  -0.81954   0.81954   1.19639   0.24839
   1.96000  -1.18187  -0.80882   0.80882   1.18187   0.24839
   1.97000  -1.16744  -0.79834   0.79834   1.16744   0.24839
   1.98000  -1.15310  -0.78810   0.78810   1.15310   0.24839
   1.99000  -1.13885  -0.77812   0.77812   1.13885   0.24839
   2.00000  -1.12471  -0.76841   0.76841   1.12471   0.24839
   2.01000  -1.11066  -0.75897   0.75897   1.11066   0.24839
   2.02000  -1.09673  -0.74981   0.74981   1.09673   0.24839
   2.03000  -1.08290  -0.74095   0.74095   1.08290   0.24839
   2.04000  -1.06919  -0.73239   0.73239   1.06919   0.24839
   2.05000  -1.05560  -0.72415   0.72415   1.05560   0.24839
   2.06000  -1.04214  -0.71622   0.71622   1.04214   0.24839
   2.07000  -1.02880  -0.70863   0.70863   1.02880   0.24839
   2.08000  -1.01559  -0.70137   0.70137   1.01559   0.24839
   2.09000  -1.00252  -0.69446   0.69446   1.00252   0.24839
   2.10000  -0.98959  -0.68791   0.68791   0.98959   0.24839
   2.11000  -0.97681  -0.68173   0.68173   0.97681   0.24839
   2.12000  -0.96417  -0.67591   0.67591   0.96417   0.24839
   2.13000  -0.95170  -0.67048   0.67048   0.95170   0.24839
   2.14000  -0.93938  -0.66543   0.66543   0.93938   0.24839
   2.15000  -0.92723  -0.66078   0.66078   0.92723   0.24839
   2.16000  -0.91525  -0.65652   0.65652   0.91525   0.24839
   2.17000  -0.90345  -0.65267   0.65267   0.90345   0.24839
   2.18000  -0.89183  -0.64922   0.64922   0.89183   0.24839
   2.19000  -0.88040  -0.64618   0.64618   0.88040   0.24839
   2.20000  -0.86916  -0.64356   0.64356   0.86916   0.24839
   2.21000  -0.85812  -0.64135   0.64135   0.85812   0.24839
   2.22000  -0.84728  -0.63955   0.63955   0.84728   0.24839
   2.23000  -0.83665  -0.63817   0.63817   0.83665   0.24839
   2.24000  -0.82624  -0.63720   0.63720   0.82624   0.24839
   2.25000  -0.81606  -0.63665   0.63665   0.81606   0.24839
   2.26000  -0.80610  -0.63650   0.63650   0.80610   0.24839
   2.27000  -0.79637  -0.63675   0.63675   0.79637   0.24839
   2.28000  -0.78688  -0.63741   0.63741   0.78688   0.24839
   2.29000  -0.77764  -0.63845   0.63845   0.77764   0.24839
   2.30000  -0.76865  -0.63989   0.63989   0.76865   0.24839
   2.31000  -0.75992  -0.64171   0.64171   0.75992   0.24839
   2.32000  -0.75145  -0.64389   0.64389   0.75145   0.24839
   2.33000  -0.74325  -0.64644   0.64644   0.74325   0.24839
   2.34000  -0.73532  -0.64935   0.64935   0.73532   0.24839
   2.35000  -0.72767  -0.65260   0.65260   0.72767   0.24839
   2.36000  -0.72031  -0.65619   0.65619   0.72031   0.24839
   2.37000  -0.71324  -0.66009   0.66009   0.71324   0.24839
   2.38000  -0.70646  -0.66432   0.66432   0.70646   0.24839
   2.39000  -0.69998  -0.66884   0.66884   0.69998   0.24839
   2.40000  -0.69380  -0.67366   0.67366   0.69380   0.24839
   2.41000  -0.68793  -0.67875   0.67875   0.68793   0.24839
   2.41840  -0.68324  -0.68324   0.68324   0.68324   0.24839
   2.42840  -0.68882  -0.67795   0.67795   0.68882   0.24839
   2.43840  -0.69465  -0.67297   0.67297   0.69465   0.24839
   2.44840  -0.70071  -0.66830   0.66830   0.70071   0.24839
   2.45840  -0.70700  -0.66396   0.66396   0.70700   0.24839
   2.46840  -0.71350  -0.65994   0.65994   0.71350   0.24839
   2.47840  -0.72020  -0.65624   0.65624   0.72020   0.24839
   2.48840  -0.72709  -0.65287   0.65287   0.72709   0.24839
   2.49840  -0.73417  -0.64981   0.64981   0.73417   0.24839
   2.50840  -0.74141  -0.64708   0.64708   0.74141   0.24839
   2.51840  -0.74881  -0.64467   0.64467   0.74881   0.24839
   2.52840  -0.75636  -0.64257   0.64257   0.75636   0.24839
   2.53840  -0.76405  -0.64079   0.64079   0.76405   0.24839
   2.54840  -0.77187  -0.63933   0.63933   0.77187   0.24839
   2.55840  -0.77981  -0.63817   0.63817   0.77981   0.24839
   2.56840  -0.78786  -0.63732   0.63732   0.78786   0.24839
   2.57840  -0.79602  -0.63677   0.63677   0.79602   0.24839
   2.58840  -0.80427  -0.63651   0.63651   0.80427   0.24839
   2.59840  -0.81260  -0.63655   0.63655   0.81260   0.24839
   2.60840  -0.82102  -0.63687   0.63687   0.82102   0.24839
   2.61840  -0.82950  -0.63746   0.63746   0.82950   0.24839
   2.62840  -0.83805  -0.63833   0.63833   0.83805   0.24839
   2.63840  -0.84665  -0.63946   0.63946   0.84665   0.24839
   2.64840  -0.85531  -0.64085   0.64085   0.85531   0.24839
   2.65840  -0.86401  -0.64248   0.64248   0.86401   0.24839
   2.66840  -0.87274  -0.64435   0.64435   0.87274   0.24839
   2.67840  -0.88150  -0.64646   0.64646   0.88150   0.24839
   2.68840  -0.89029  -0.64879   0.64879   0.89029   0.24839
   2.69840  -0.89910  -0.65133   0.65133   0.89910   0.24839
   2.70840  -0.90792  -0.65409   0.65409   0.90792   0.24839
   2.71840  -0.91675  -0.65703   0.65703   0.91675   0.24839
   2.72840  -0.92559  -0.66017   0.66017   0.92559   0.24839
   2.73840  -0.93442  -0.66349   0.66349   0.93442   0.24839
   2.74840  -0.94324  -0.66698   0.66698   0.94324   0.24839
   2.75840  -0.95205  -0.67063   0.67063   0.95205   0.24839
   2.76840  -0.96085  -0.67444   0.67444   0.96085   0.24839
   2.77840  -0.96963  -0.67839   0.67839   0.96963   0.24839
   2.78840  -0.97838  -0.68247   0.68247   0.97838   0.24839
   2.79840  -0.98711  -0.68669   0.68669   0.98711   0.24839
   2.80840  -0.99580  -0.69102   0.69102   0.99580   0.24839
   2.81840  -1.00446  -0.69547   0.69547   1.00446   0.24839
   2.82840  -1.01308  -0.70002   0.70002   1.01308   0.24839
   2.83840  -1.02166  -0.70467   0.70467   1.02166   0.24839
   2.84840  -1.03019  -0.70941   0.70941   1.03019   0.24839
   2.85840  -1.03868  -0.71423   0.71423   1.03868   0.24839
   2.86840  -1.04711  -0.71912   0.71912   1.04711   0.24839
   2.87840  -1.05548  -0.72408   0.72408   1.05548   0.24839
   2.88840  -1.06380  -0.72909   0.72909   1.06380   0.24839
   2.89840  -1.07206  -0.73417   0.73417   1.07206   0.24839
   2.90840  -1.08026  -0.73928   0.73928   1.08026   0.24839
   2.91840  -1.08839  -0.74444   0.74444   1.08839   0.24839
   2.92840  -1.09645  -0.74964   0.74964   1.09645   0.24839
   2.93840  -1.10444  -0.75486   0.75486   1.10444   0.24839
   2.94840  -1.11236  -0.76010   0.76010   1.11236   0.24839
   2.95840  -1.12021  -0.76536   0.76536   1.12021   0.24839
   2.96840  -1.12797  -0.77064   0.77064   1.12797   0.24839
   2.97840  -1.13566  -0.77591   0.77591   1.13566   0.24839
   2.98840  -1.14327  -0.78119   0.78119   1.14327   0.24839
   2.99840  -1.15079  -0.78647   0.78647   1.15079   0.24839
   3.00840  -1.15822  -0.79174   0.79174   1.15822   0.24839
   3.01840  -1.16557  -0.79700   0.79700   1.16557   0.24839
   3.02840  -1.17283  -0.80223   0.80223   1.17283   0.24839
   3.03840  -1.18000  -0.80745   0.80745   1.18000   0.24839
   3.04840  -1.18708  -0.81264   0.81264   1.18708   0.24839
   3.05840  -1.19406  -0.81781   0.81781   1.19406   0.24839
   3.06840  -1.20095  -0.82294   0.82294   1.20095   0.24839
   3.07840  -1.20774  -0.82803   0.82803   1.20774   0.24839
   3.08840  -1.21443  -0.83308   0.83308   1.21443   0.24839
   3.09840  -1.22102  -0.83809   0.83809   1.22102   0.24839
   3.10840  -1.22751  -0.84305   0.84305   1.22751   0.24839
   3.11840  -1.23389  -0.84796   0.84796   1.23389   0.24839
   3.12840  -1.24017  -0.85282   0.85282   1.24017   0.24839
   3.13840  -1.24635  -0.85762   0.85762   1.24635   0.24839
   3.14840  -1.25242  -0.86236   0.86236   1.25242   0.24839
   3.15840  -1.25838  -0.86704   0.86704   1.25838   0.24839
   3.16840  -1.26423  -0.87166   0.87166   1.26423   0.24839
   3.17840  -1.26997  -0.87621   0.87621   1.26997   0.24839
   3.18840  -1.27560  -0.88069   0.88069   1.27560   0.24839
   3.19840  -1.28111  -0.88509   0.88509   1.28111   0.24839
   3.20840  -1.28652  -0.88943   0.88943   1.28652   0.24839
   3.21840  -1.29180  -0.89369   0.89369   1.29180   0.24839
   3.22840  -1.29698  -0.89787   0.89787   1.29698   0.24839
   3.23840  -1.30203  -0.90197   0.90197   1.30203   0.24839
   3.24840  -1.30697  -0.90598   0.90598   1.30697   0.24839
   3.25840  -1.31179  -0.90992   0.90992   1.31179   0.24839
   3.26840  -1.31649  -0.91376   0.91376   1.31649   0.24839
   3.27840  -1.32107  -0.91752   0.91752   1.32107   0.24839
   3.28840  -1.32553  -0.92119   0.92119   1.32553   0.24839
   3.29840  -1.32987  -0.92477   0.92477   1.32987   0.24839
   3.30840  -1.33408  -0.92826   0.92826   1.33408   0.24839
   3.31840  -1.33818  -0.93165   0.93165   1.33818   0.24839
   3.32840  -1.34215  -0.93495   0.93495   1.34215   0.24839
   3.33840  -1.34599  -0.93816   0.93816   1.34599   0.24839
   3.34840  -1.34971  -0.94126   0.94126   1.34971   0.24839
   3.35840  -1.35331  -0.94427   0.94427   1.35331   0.24839
   3.36840  -1.35677  -0.94717   0.94717   1.35677   0.24839
   3.37840  -1.36011  -0.94998   0.94998   1.36011   0.24839
   3.38840  -1.36333  -0.95268   0.95268   1.36333   0.24839
   3.39840  -1.36642  -0.95528   0.95528   1.36642   0.24839
   3.40840  -1.36937  -0.95777   0.95777   1.36937   0.24839
   3.41840  -1.37220  -0.96016   0.96016   1.37220   0.24839
   3.42840  -1.37490  -0.96244   0.96244   1.37490   0.24839
   3.43840  -1.37747  -0.96462   0.96462   1.37747   0.24839
   3.44840  -1.37991  -0.96669   0.96669   1.37991   0.24839
   3.45840  -1.38222  -0.96865   0.96865   1.38222   0.24839
   3.46840  -1.38440  -0.97050   0.97050   1.38440   0.24839
   3.47840  -1.38645  -0.97224   0.97224   1.38645   0.24839
   3.48840  -1.38837  -0.97388   0.97388   1.38837   0.24839
   3.49840  -1.39015  -0.97540   0.97540   1.39015   0.24839
   3.50840  -1.39181  -0.97681   0.97681   1.39181   0.24839
   3.51840  -1.39333  -0.97810   0.97810   1.39333   0.24839
   3.52840  -1.39472  -0.97929   0.97929   1.39472   0.24839
   3.53840  -1.39597  -0.98036   0.98036   1.39597   0.24839
   3.54840  -1.39710  -0.98132   0.98132   1.39710   0.24839
   3.55840  -1.39809  -0.98217   0.98217   1.39809   0.24839
   3.56840  -1.39894  -0.98290   0.98290   1.39894   0.24839
   3.57840  -1.39967  -0.98352   0.98352   1.39967   0.24839
   3.58840  -1.40026  -0.98403   0.98403   1.40026   0.24839
   3.59840  -1.40071  -0.98442   0.98442   1.40071   0.24839
   3.60840  -1.40104  -0.98470   0.98470   1.40104   0.24839
   3.61840  -1.40123  -0.98486   0.98486   1.40123   0.24839
   3.62840  -1.40128  -0.98491   0.98491   1.40128   0.24839
   3.63840  -1.40121  -0.98484   0.98484   1.40121   0.24839
   3.64840  -1.40100  -0.98466   0.98466   1.40100   0.24839
   3.65840  -1.40065  -0.98436   0.98436   1.40065   0.24839
   3.66840  -1.40017  -0.98396   0.98396   1.40017   0.24839
   3.67840  -1.39956  -0.98343   0.98343   1.39956   0.24839
   3.68840  -1.39882  -0.98279   0.98279   1.39882   0.24839
   3.69840  -1.39794  -0.98204   0.98204   1.39794   0.24839
   3.70840  -1.39693  -0.98118   0.98118   1.39693   0.24839
   3.71840  -1.39578  -0.98020   0.98020   1.39578   0.24839
   3.72840  -1.39450  -0.97911   0.97911   1.39450   0.24839
   3.73840  -1.39309  -0.97790   0.97790   1.39309   0.24839
   3.74840  -1.39155  -0.97659   0.97659   1.39155   0.24839
   3.75840  -1.38988  -0.97516   0.97516   1.38988   0.24839
   3.76840  -1.38807  -0.97362   0.97362   1.38807   0.24839
   3.77840  -1.38613  -0.97197   0.97197   1.38613   0.24839
   3.78840  -1.38406  -0.97021   0.97021   1.38406   0.24839
   3.79840  -1.38186  -0.96834   0.96834   1.38186   0.24839
   3.80840  -1.37953  -0.96637   0.96637   1.37953   0.24839
   3.81840  -1.37707  -0.96428   0.96428   1.37707   0.24839
   3.82840  -1.37448  -0.96209   0.96209   1.37448   0.24839
   3.83840  -1.37176  -0.95979   0.95979   1.37176   0.24839
   3.84840  -1.36891  -0.95738   0.95738   1.36891   0.24839
   3.85840  -1.36593  -0.95487   0.95487   1.36593   0.24839
   3.86840  -1.36282  -0.95225   0.95225   1.36282   0.24839
   3.87840  -1.35959  -0.94953   0.94953   1.35959   0.24839
   3.88840  -1.35623  -0.94671   0.94671   1.35623   0.24839
   3.89840  -1.35274  -0.94379   0.94379   1.35274   0.24839
   3.90840  -1.34912  -0.94077   0.94077   1.34912   0.24839
   3.91840  -1.34538  -0.93765   0.93765   1.34538   0.24839
   3.92840  -1.34152  -0.93443   0.93443   1.34152   0.24839
   3.93840  -1.33753  -0.93112   0.93112   1.33753   0.24839
   3.94840  -1.33342  -0.92771   0.92771   1.33342   0.24839
   3.95840  -1.32918  -0.92421   0.92421   1.32918   0.24839
   3.96840  -1.32482  -0.92061   0.92061   1.32482   0.24839
   3.97840  -1.32035  -0.91693   0.91693   1.32035   0.24839
   3.98840  -1.31575  -0.91315   0.91315   1.31575   0.24839
   3.99840  -1.31103  -0.90929   0.90929   1.31103   0.24839
   4.00840  -1.30619  -0.90534   0.90534   1.30619   0.24839
   4.01840  -1.30123  -0.90131   0.90131   1.30123   0.24839
   4.02840  -1.29616  -0.89720   0.89720   1.29616   0.24839
   4.03840  -1.29096  -0.89301   0.89301   1.29096   0.24839
   4.04840  -1.28566  -0.88874   0.88874   1.28566   0.24839
   4.05840  -1.28024  -0.88439   0.88439   1.28024   0.24839
   4.06840  -1.27470  -0.87997   0.87997   1.27470   0.24839
   4.07840  -1.26906  -0.87548   0.87548   1.26906   0.24839
   4.08840  -1.26330  -0.87092   0.87092   1.26330   0.24839
   4.09840  -1.25743  -0.86630   0.86630   1.25743   0.24839
   4.10840  -1.25145  -0.86161   0.86161   1.25145   0.24839
   4.11840  -1.24537  -0.85685   0.85685   1.24537   0.24839
   4.12840  -1.23918  -0.85204   0.85204   1.23918   0.24839
   4.13840  -1.23288  -0.84718   0.84718   1.23288   0.24839
   4.14840  -1.22648  -0.84226   0.84226   1.22648   0.24839
   4.15840  -1.21997  -0.83729   0.83729   1.21997   0.24839
   4.16840  -1.21336  -0.83227   0.83227   1.21336   0.24839
   4.17840  -1.20666  -0.82722   0.82722   1.20666   0.24839
   4.18840  -1.19985  -0.82212   0.82212   1.19985   0.24839
   4.19840  -1.19295  -0.81698   0.81698   1.19295   0.24839
   4.20840  -1.18595  -0.81181   0.81181   1.18595   0.24839
   4.21840  -1.17886  -0.80662   0.80662   1.17886   0.24839
   4.22840  -1.17168  -0.80140   0.80140   1.17168   0.24839
   4.23840  -1.16440  -0.79616   0.79616   1.16440   0.24839
   4.24840  -1.15704  -0.79090   0.79090   1.15704   0.24839
   4.25840  -1.14959  -0.78563   0.78563   1.14959   0.24839
   4.26840  -1.14205  -0.78035   0.78035   1.14205   0.24839
   4.27840  -1.13444  -0.77507   0.77507   1.13444   0.24839
   4.28840  -1.12674  -0.76979   0.76979   1.12674   0.24839
   4.29840  -1.11896  -0.76452   0.76452   1.11896   0.24839
   4.30840  -1.11110  -0.75926   0.75926   1.11110   0.24839
   4.31840  -1.10317  -0.75402   0.75402   1.10317   0.24839
   4.32840  -1.09517  -0.74880   0.74880   1.09517   0.24839
   4.33840  -1.08709  -0.74361   0.74361   1.08709   0.24839
   4.34840  -1.07895  -0.73846   0.73846   1.07895   0.24839
   4.35840  -1.07075  -0.73335   0.73335   1.07075   0.24839
   4.36840  -1.06248  -0.72829   0.72829   1.06248   0.24839
   4.37840  -1.05415  -0.72328   0.72328   1.05415   0.24839
   4.38840  -1.04576  -0.71833   0.71833   1.04576   0.24839
   4.39840  -1.03732  -0.71345   0.71345   1.03732   0.24839
   4.40840  -1.02883  -0.70864   0.70864   1.02883   0.24839
   4.41840  -1.02029  -0.70392   0.70392   1.02029   0.24839
   4.42840  -1.01170  -0.69929   0.69929   1.01170   0.24839
   4.43840  -1.00308  -0.69475   0.69475   1.00308   0.24839
   4.44840  -0.99441  -0.69032   0.69032   0.99441   0.24839
   4.45840  -0.98571  -0.68601   0.68601   0.98571   0.24839
   4.46840  -0.97698  -0.68181   0.68181   0.97698   0.24839
   4.47840  -0.96823  -0.67774   0.67774   0.96823   0.24839
   4.48840  -0.95944  -0.67382   0.67382   0.95944   0.24839
   4.49840  -0.95064  -0.67003   0.67003   0.95064   0.24839
   4.50840  -0.94183  -0.66641   0.66641   0.94183   0.24839
   4.51840  -0.93300  -0.66295   0.66295   0.93300   0.24839
   4.52840  -0.92417  -0.65966   0.65966   0.92417   0.24839
   4.53840  -0.91534  -0.65655   0.65655   0.91534   0.24839
   4.54840  -0.90651  -0.65363   0.65363   0.90651   0.24839
   4.55840  -0.89769  -0.65091   0.65091   0.89769   0.24839
   4.56840  -0.88889  -0.64840   0.64840   0.88889   0.24839
   4.57840  -0.88010  -0.64611   0.64611   0.88010   0.24839
   4.58840  -0.87134  -0.64404   0.64404   0.87134   0.24839
   4.59840  -0.86261  -0.64220   0.64220   0.86261   0.24839
   4.60840  -0.85392  -0.64061   0.64061   0.85392   0.24839
   4.61840  -0.84527  -0.63926   0.63926   0.84527   0.24839
   4.62840  -0.83668  -0.63817   0.63817   0.83668   0.24839
   4.63840  -0.82814  -0.63735   0.63735   0.82814   0.24839
   4.64840  -0.81966  -0.63680   0.63680   0.81966   0.24839
   4.65840  -0.81126  -0.63652   0.63652   0.81126   0.24839
   4.66840  -0.80294  -0.63654   0.63654   0.80294   0.24839
   4.67840  -0.79470  -0.63684   0.63684   0.79470   0.24839
   4.68840  -0.78657  -0.63744   0.63744   0.78657   0.24839
   4.69840  -0.77853  -0.63834   0.63834   0.77853   0.24839
   4.70840  -0.77061  -0.63954   0.63954   0.77061   0.24839
   4.71840  -0.76281  -0.64106   0.64106   0.76281   0.24839
   4.72840  -0.75514  -0.64289   0.64289   0.75514   0.24839
   4.73840  -0.74762  -0.64503   0.64503   0.74762   0.24839
   4.74840  -0.74024  -0.64749   0.64749   0.74024   0.24839
   4.75840  -0.73302  -0.65028   0.65028   0.73302   0.24839
   4.76840  -0.72598  -0.65338   0.65338   0.72598   0.24839
   4.77840  -0.71912  -0.65681   0.65681   0.71912   0.24839
   4.78840  -0.71245  -0.66056   0.66056   0.71245   0.24839
   4.79840  -0.70598  -0.66464   0.66464   0.70598   0.24839
   4.80840  -0.69973  -0.66903   0.66903   0.69973   0.24839
   4.81840  -0.69370  -0.67374   0.67374   0.69370   0.24839
   4.82840  -0.68791  -0.67877   0.67877   0.68791   0.24839
   4.83680  -0.68324  -0.68324   0.68324   0.68324   0.24839
   4.84680  -0.68882  -0.67795   0.67795   0.68882   0.24839
   4.85680  -0.69465  -0.67297   0.67297   0.69465   0.24839
   4.86680  -0.70071  -0.66830   0.66830   0.70071   0.24839
   4.87680  -0.70700  -0.66396   0.66396   0.70700   0.24839
   4.88680  -0.71350  -0.65994   0.65994   0.71350   0.24839
   4.89680  -0.72020  -0.65624   0.65624   0.72020   0.24839
   4.90680  -0.72709  -0.65287   0.65287   0.72709   0.24839
   4.91680  -0.73417  -0.64981   0.64981   0.73417   0.24839
   4.92680  -0.74141  -0.64708   0.64708   0.74141   0.24839
   4.93680  -0.74881  -0.64467   0.64467   0.74881   0.24839
   4.94680  -0.75636  -0.64257   0.64257   0.75636   0.24839
   4.95680  -0.76405  -0.64079   0.64079   0.76405   0.24839
   4.96680  -0.77187  -0.63933   0.63933   0.77187   0.24839
   4.97680  -0.77981  -0.63817   0.63817   0.77981   0.24839
   4.98680  -0.78786  -0.63732   0.63732   0.78786   0.24839
   4.99680  -0.79602  -0.63677   0.63677   0.79602   0.24839
   5.00680  -0.80427  -0.63651   0.63651   0.80427   0.24839
   5.01680  -0.81260  -0.63655   0.63655   0.81260   0.24839
   5.02680  -0.82102  -0.63687   0.63687   0.82102   0.24839
   5.03680  -0.82950  -0.63746   0.63746   0.82950   0.24839
   5.04680  -0.83805  -0.63833   0.63833   0.83805   0.24839
   5.05680  -0.84665  -0.63946   0.63946   0.84665   0.24839
   5.06680  -0.85531  -0.64085   0.64085   0.85531   0.24839
   5.07680  -0.86401  -0.64248   0.64248   0.86401   0.24839
   5.08680  -0.87274  -0.64435   0.64435   0.87274   0.24839
   5.09680  -0.88150  -0.64646   0.64646   0.88150   0.24839
   5.10680  -0.89029  -0.64879   0.64879   0.89029   0.24839
   5.11680  -0.89910  -0.65133   0.65133   0.89910   0.24839
   5.12680  -0.90792  -0.65409   0.65409   0.90792   0.24839
   5.13680  -0.91675  -0.65703   0.65703   0.91675   0.24839
   5.14680  -0.92559  -0.66017   0.66017   0.92559   0.24839
   5.15680  -0.93442  -0.66349   0.66349   0.93442   0.24839
   5.16680  -0.94324  -0.66698   0.66698   0.94324   0.24839
   5.17680  -0.95205  -0.67063   0.67063   0.95205   0.24839
   5.18680  -0.96085  -0.67444   0.67444   0.96085   0.24839
   5.19680  -0.96963  -0.67839   0.67839   0.96963   0.24839
   5.20680  -0.97838  -0.68247   0.68247   0.97838   0.24839
   5.21680  -0.98711  -0.68669   0.68669   0.98711   0.24839
   5.22680  -0.99580  -0.69102   0.69102   0.99580   0.24839
   5.23680  -1.00446  -0.69547   0.69547   1.00446   0.24839
   5.24680  -1.01308  -0.70002   0.70002   1.01308   0.24839
   5.25680  -1.02166  -0.70467   0.70467   1.02166   0.24839
   5.26680  -1.03019  -0.70941   0.70941   1.03019   0.24839
   5.27680  -1.03868  -0.71423   0.71423   1.03868   0.24839
   5.28680  -1.04711  -0.71912   0.71912   1.04711   0.24839
   5.29680  -1.05548  -0.72408   0.72408   1.05548   0.24839
   5.30680  -1.06380  -0.72909   0.72909   1.06380   0.24839
   5.31680  -1.07206  -0.73417   0.73417   1.07206   0.24839
   5.32680  -1.08026  -0.73928   0.73928   1.08026   0.24839
   5.33680  -1.08839  -0.74444   0.74444   1.08839   0.24839
   5.34680  -1.09645  -0.74964   0.74964   1.09645   0.24839
   5.35680  -1.10444  -0.75486   0.75486   1.10444   0.24839
   5.36680  -1.11236  -0.76010   0.76010   1.11236   0.24839
   5.37680  -1.12021  -0.76536   0.76536   1.12021   0.24839
   5.38680  -1.12797  -0.77064   0.77064   1.12797   0.24839
   5.39680  -1.13566  -0.77591   0.77591   1.13566   0.24839
   5.40680  -1.14327  -0.78119   0.78119   1.14327   0.24839
   5.41680  -1.15079  -0.78647   0.78647   1.15079   0.24839
   5.42680  -1.15822  -0.79174   0.79174   1.15822   0.24839
   5.43680  -1.16557  -0.79700   0.79700   1.16557   0.24839
   5.44680  -1.17283  -0.80223   0.80223   1.17283   0.24839
   5.45680  -1.18000  -0.80745   0.80745   1.18000   0.24839
   5.46680  -1.18708  -0.81264   0.81264   1.18708   0.24839
   5.47680  -1.19406  -0.81781   0.81781   1.19406   0.24839
   5.48680  -1.20095  -0.82294   0.82294   1.20095   0.24839
   5.49680  -1.20774  -0.82803   0.82803   1.20774   0.24839
   5.50680  -1.21443  -0.83308   0.83308   1.21443   0.24839
   5.51680  -1.22102  -0.83809   0.83809   1.22102   0.24839
   5.52680  -1.22751  -0.84305   0.84305   1.22751   0.24839
   5.53680  -1.23389  -0.84796   0.84796   1.23389   0.24839
   5.54680  -1.24017  -0.85282   0.85282   1.24017   0.24839
   5.55680  -1.24635  -0.85762   0.85762   1.24635   0.24839
   5.56680  -1.25242  -0.86236   0.86236   1.25242   0.24839
   5.57680  -1.25838  -0.86704   0.86704   1.25838   0.24839
   5.58680  -1.26423  -0.87166   0.87166   1.26423   0.24839
   5.59680  -1.26997  -0.87621   0.87621   1.26997   0.24839
   5.60680  -1.27560  -0.88069   0.88069   1.27560   0.24839
   5.61680  -1.28111  -0.88509   0.88509   1.28111   0.24839
   5.62680  -1.28652  -0.88943   0.88943   1.28652   0.24839
   5.63680  -1.29180  -0.89369   0.89369   1.29180   0.24839
   5.64680  -1.29698  -0.89787   0.89787   1.29698   0.24839
   5.65680  -1.30203  -0.90197   0.90197   1.30203   0.24839
   5.66680  -1.30697  -0.90598   0.90598   1.30697   0.24839
   5.67680  -1.31179  -0.90992   0.90992   1.31179   0.24839
   5.68680  -1.31649  -0.91376   0.91376   1.31649   0.24839
   5.69680  -1.32107  -0.91752   0.91752   1.32107   0.24839
   5.70680  -1.32553  -0.92119   0.92119   1.32553   0.24839
   5.71680  -1.32987  -0.92477   0.92477   1.32987   0.24839
   5.72680  -1.33408  -0.92826   0.92826   1.33408   0.24839
   5.73680  -1.33818  -0.93165   0.93165   1.33818   0.24839
   5.74680  -1.34215  -0.93495   0.93495   1.34215   0.24839
   5.75680  -1.34599  -0.93816   0.93816   1.34599   0.24839
   5.76680  -1.34971  -0.94126   0.94126   1.34971   0.24839
   5.77680  -1.35331  -0.94427   0.94427   1.35331   0.24839
   5.78680  -1.35677  -0.94717   0.94717   1.35677   0.24839
   5.79680  -1.36011  -0.94998   0.94998   1.36011   0.24839
   5.80680  -1.36333  -0.95268   0.95268   1.36333   0.24839
   5.81680  -1.36642  -0.95528   0.95528   1.36642   0.24839
   5.82680  -1.36937  -0.95777   0.95777   1.36937   0.24839
   5.83680  -1.37220  -0.96016   0.96016   1.37220   0.24839
   5.84680  -1.37490  -0.96244   0.96244   1.37490   0.24839
   5.85680  -1.37747  -0.96462   0.96462   1.37747   0.24839
   5.86680  -1.37991  -0.96669   0.96669   1.37991   0.24839
   5.87680  -1.38222  -0.96865   0.96865   1.38222   0.24839
   5.88680  -1.38440  -0.97050   0.97050   1.38440   0.24839
   5.89680  -1.38645  -0.97224   0.97224   1.38645   0.24839
   5.90680  -1.38837  -0.97388   0.97388   1.38837   0.24839
   5.91680  -1.39015  -0.97540   0.97540   1.39015   0.24839
   5.92680  -1.39181  -0.97681   0.97681   1.39181   0.24839
   5.93680  -1.39333  -0.97810   0.97810   1.39333   0.24839
   5.94680  -1.39472  -0.97929   0.97929   1.39472   0.24839
   5.95680  -1.39597  -0.98036   0.98036   1.39597   0.24839
   5.96680  -1.39710  -0.98132   0.98132   1.39710   0.24839
   5.97680  -1.39809  -0.98217   0.98217   1.39809   0.24839
   5.98680  -1.39894  -0.98290   0.98290   1.39894   0.24839
   5.99680  -1.39967  -0.98352   0.98352   1.39967   0.24839
   6.00680  -1.40026  -0.98403   0.98403   1.40026   0.24839
   6.01680  -1.40071  -0.98442   0.98442   1.40071   0.24839
   6.02680  -1.40104  -0.98470   0.98470   1.40104   0.24839
   6.03680  -1.40123  -0.98486   0.98486   1.40123   0.24839
   6.04600  -1.40128  -0.98491   0.98491   1.40128   0.24839
   6.05600  -1.40148  -0.98508   0.98508   1.40148   0.24839
   6.06600  -1.40209  -0.98559   0.98559   1.40209   0.24839
   6.07600  -1.40309  -0.98645   0.98645   1.40309   0.24839
   6.08600  -1.40449  -0.98765   0.98765   1.40449   0.24839
   6.09600  -1.40628  -0.98919   0.98919   1.40628   0.24839
   6.10600  -1.40847  -0.99107   0.99107   1.40847   0.24839
   6.11600  -1.41105  -0.99329   0.99329   1.41105   0.24839
   6.12600  -1.41402  -0.99585   0.99585   1.41402   0.24839
   6.13600  -1.41737  -0.99874   0.99874   1.41737   0.24839
   6.14600  -1.42111  -1.00196   1.00196   1.42111   0.24839
   6.15600  -1.42522  -1.00551   1.00551   1.42522   0.24839
   6.16600  -1.42969  -1.00939   1.00939   1.42969   0.24839
   6.17600  -1.43454  -1.01359   1.01359   1.43454   0.24839
   6.18600  -1.43974  -1.01811   1.01811   1.43974   0.24839
   6.19600  -1.44529  -1.02295   1.02295   1.44529   0.24839
   6.20600  -1.45119  -1.02810   1.02810   1.45119   0.24839
   6.21600  -1.45743  -1.03356   1.03356   1.45743   0.24839
   6.22600  -1.46400  -1.03932   1.03932   1.46400   0.24839
   6.23600  -1.47089  -1.04538   1.04538   1.47089   0.24839
   6.24600  -1.47811  -1.05173   1.05173   1.47811   0.24839
   6.25600  -1.48563  -1.05838   1.05838   1.48563   0.24839
   6.26600  -1.49346  -1.06531   1.06531   1.49346   0.24839
   6.27600  -1.50158  -1.07252   1.07252   1.50158   0.24839
   6.28600  -1.50999  -1.08000   1.08000   1.50999   0.24839
   6.29600  -1.51868  -1.08775   1.08775   1.51868   0.24839
   6.30600  -1.52764  -1.09576   1.09576   1.52764   0.24839
   6.31600  -1.53686  -1.10403   1.10403   1.53686   0.24839
   6.32600  -1.54634  -1.11255   1.11255   1.54634   0.24839
   6.33600  -1.55606  -1.12131   1.12131   1.55606   0.24839
   6.34600  -1.56603  -1.13032   1.13032   1.56603   0.24839
   6.35600  -1.57623  -1.13955   1.13955   1.57623   0.24839
   6.36600  -1.58665  -1.14901   1.14901   1.58665   0.24839
   6.37600  -1.59729  -1.15869   1.15869   1.59729   0.24839
   6.38600  -1.60813  -1.16858   1.16858   1.60813   0.24839
   6.39600  -1.61918  -1.17869   1.17869   1.61918   0.24839
   6.40600  -1.63042  -1.18899   1.18899   1.63042   0.24839
   6.41600  -1.64185  -1.19948   1.19948   1.64185   0.24839
   6.42600  -1.65346  -1.21017   1.21017   1.65346   0.24839
   6.43600  -1.66524  -1.22104   1.22104   1.66524   0.24839
   6.44600  -1.67718  -1.23208   1.23208   1.67718   0.24839
   6.45600  -1.68928  -1.24329   1.24329   1.68928   0.24839
   6.46600  -1.70154  -1.25467   1.25467   1.70154   0.24839
   6.47600  -1.71394  -1.26620   1.26620   1.71394   0.24839
   6.48600  -1.72648  -1.27788   1.27788   1.72648   0.24839
   6.49600  -1.73915  -1.28971   1.28971   1.73915   0.24839
   6.50600  -1.75194  -1.30168   1.30168   1.75194   0.24839
   6.51600  -1.76486  -1.31378   1.31378   1.76486   0.24839
   6.52600  -1.77789  -1.32602   1.32602   1.77789   0.24839
   6.53600  -1.79102  -1.33837   1.33837   1.79102   0.24839
   6.54600  -1.80426  -1.35084   1.35084   1.80426   0.24839
   6.55600  -1.81760  -1.36342   1.36342   1.81760   0.24839
   6.56600  -1.83103  -1.37611   1.37611   1.83103   0.24839
   6.57600  -1.84454  -1.38890   1.38890   1.84454   0.24839
   6.58600  -1.85814  -1.40178   1.40178   1.85814   0.24839
   6.59600  -1.87181  -1.41475   1.41475   1.87181   0.24839
   6.60600  -1.88555  -1.42781   1.42781   1.88555   0.24839
   6.61600  -1.89936  -1.44095   1.44095   1.89936   0.24839
   6.62600  -1.91322  -1.45417   1.45417   1.91322   0.24839
   6.63600  -1.92715  -1.46745   1.46745   1.92715   0.24839
   6.64600  -1.94113  -1.48080   1.48080   1.94113   0.24839
   6.65600  -1.95516  -1.49422   1.49422   1.95516   0.24839
   6.66600  -1.96922  -1.50769   1.50769   1.96922   0.24839
   6.67600  -1.98333  -1.52121   1.52121   1.98333   0.24839
   6.68600  -1.99748  -1.53478   1.53478   1.99748   0.24839
   6.69600  -2.01166  -1.54840   1.54840   2.01166   0.24839
   6.70600  -2.02586  -1.56206   1.56206   2.02586   0.24839
   6.71600  -2.04009  -1.57575   1.57575   2.04009   0.24839
   6.72600  -2.05433  -1.58947   1.58947   2.05433   0.24839
   6.73600  -2.06860  -1.60323   1.60323   2.06860   0.24839
   6.74600  -2.08288  -1.61700   1.61700   2.08288   0.24839
   6.75600  -2.09716  -1.63080   1.63080   2.09716   0.24839
   6.76600  -2.11146  -1.64462   1.64462   2.11146   0.24839
   6.77600  -2.12575  -1.65845   1.65845   2.12575   0.24839
   6.78600  -2.14005  -1.67229   1.67229   2.14005   0.24839
   6.79600  -2.15434  -1.68614   1.68614   2.15434   0.24839
   6.80600  -2.16862  -1.69999   1.69999   2.16862   0.24839
   6.81600  -2.18290  -1.71384   1.71384   2.18290   0.24839
   6.82600  -2.19716  -1.72769   1.72769   2.19716   0.24839
   6.83600  -2.21141  -1.74153   1.74153   2.21141   0.24839
   6.84600  -2.22564  -1.75537   1.75537   2.22564   0.24839
   6.85600  -2.23985  -1.76919   1.76919   2.23985   0.24839
   6.86600  -2.25403  -1.78300   1.78300   2.25403   0.24839
   6.87600  -2.26819  -1.79679   1.79679   2.26819   0.24839
   6.88600  -2.28232  -1.81056   1.81056   2.28232   0.24839
   6.89600  -2.29642  -1.82431   1.82431   2.29642   0.24839
   6.90600  -2.31048  -1.83803   1.83803   2.31048   0.24839
   6.91600  -2.32451  -1.85172   1.85172   2.32451   0.24839
   6.92600  -2.33850  -1.86538   1.86538   2.33850   0.24839
   6.93600  -2.35245  -1.87901   1.87901   2.35245   0.24839
   6.94600  -2.36635  -1.89261   1.89261   2.36635   0.24839
   6.95600  -2.38021  -1.90616   1.90616   2.38021   0.24839
   6.96600  -2.39403  -1.91968   1.91968   2.39403   0.24839
   6.97600  -2.40779  -1.93315   1.93315   2.40779   0.24839
   6.98600  -2.42150  -1.94657   1.94657   2.42150   0.24839
   6.99600  -2.43516  -1.95995   1.95995   2.43516   0.24839
   7.00600  -2.44876  -1.97328   1.97328   2.44876   0.24839
   7.01600  -2.46230  -1.98656   1.98656   2.46230   0.24839
   7.02600  -2.47578  -1.99978   1.99978   2.47578   0.24839
   7.03600  -2.48920  -2.01295   2.01295   2.48920   0.24839
   7.04600  -2.50256  -2.02606   2.02606   2.50256   0.24839
   7.05600  -2.51585  -2.03911   2.03911   2.51585   0.24839
   7.06600  -2.52908  -2.05210   2.05210   2.52908   0.24839
   7.07600  -2.54223  -2.06503   2.06503   2.54223   0.24839
   7.08600  -2.55532  -2.07789   2.07789   2.55532   0.24839
   7.09600  -2.56833  -2.09068   2.09068   2.56833   0.24839
   7.10600  -2.58127  -2.10340   2.10340   2.58127   0.24839
   7.11600  -2.59413  -2.11605   2.11605   2.59413   0.24839
   7.12600  -2.60692  -2.12863   2.12863   2.60692   0.24839
   7.13600  -2.61963  -2.14114   2.14114   2.61963   0.24839
   7.14600  -2.63225  -2.15357   2.15357   2.63225   0.24839
   7.15600  -2.64480  -2.16592   2.16592   2.64480   0.24839
   7.16600  -2.65726  -2.17819   2.17819   2.65726   0.24839
   7.17600  -2.66963  -2.19038   2.19038   2.66963   0.24839
   7.18600  -2.68192  -2.20249   2.20249   2.68192   0.24839
   7.19600  -2.69412  -2.21452   2.21452   2.69412   0.24839
   7.20600  -2.70623  -2.22646   2.22646   2.70623   0.24839
   7.21600  -2.71825  -2.23831   2.23831   2.71825   0.24839
   7.22600  -2.73018  -2.25008   2.25008   2.73018   0.24839
   7.23600  -2.74202  -2.26175   2.26175   2.74202   0.24839
   7.24600  -2.75376  -2.27334   2.27334   2.75376   0.24839
   7.25600  -2.76541  -2.28483   2.28483   2.76541   0.24839
   7.26600  -2.77695  -2.29623   2.29623   2.77695   0.24839
   7.27600  -2.78840  -2.30753   2.30753   2.78840   0.24839
   7.28600  -2.79975  -2.31874   2.31874   2.79975   0.24839
   7.29600  -2.81100  -2.32984   2.32984   2.81100   0.24839
   7.30600  -2.82215  -2.34085   2.34085   2.82215   0.24839
   7.31600  -2.83319  -2.35176   2.35176   2.83319   0.24839
   7.32600  -2.84413  -2.36257   2.36257   2.84413   0.24839
   7.33600  -2.85497  -2.37328   2.37328   2.85497   0.24839
   7.34600  -2.86569  -2.38388   2.38388   2.86569   0.24839
   7.35600  -2.87631  -2.39438   2.39438   2.87631   0.24839
   7.36600  -2.88683  -2.40477   2.40477   2.88683   0.24839
   7.37600  -2.89723  -2.41505   2.41505   2.89723   0.24839
   7.38600  -2.90752  -2.42523   2.42523   2.90752   0.24839
   7.39600  -2.91770  -2.43530   2.43530   2.91770   0.24839
   7.40600  -2.92776  -2.44525   2.44525   2.92776   0.24839
   7.41600  -2.93771  -2.45510   2.45510   2.93771   0.24839
   7.42600  -2.94755  -2.46483   2.46483   2.94755   0.24839
   7.43600  -2.95727  -2.47445   2.47445   2.95727   0.24839
   7.44600  -2.96688  -2.48396   2.48396   2.96688   0.24839
   7.45600  -2.97637  -2.49335   2.49335   2.97637   0.24839
   7.46600  -2.98574  -2.50262   2.50262   2.98574   0.24839
   7.47600  -2.99499  -2.51178   2.51178   2.99499   0.24839
   7.48600  -3.00412  -2.52082   2.52082   3.00412   0.24839
   7.49600  -3.01313  -2.52974   2.52974   3.01313   0.24839
   7.50600  -3.02201  -2.53854   2.53854   3.02201   0.24839
   7.51600  -3.03078  -2.54722   2.54722   3.03078   0.24839
   7.52600  -3.03942  -2.55578   2.55578   3.03942   0.24839
   7.53600  -3.04794  -2.56421   2.56421   3.04794   0.24839
   7.54600  -3.05633  -2.57252   2.57252   3.05633   0.24839
   7.55600  -3.06460  -2.58071   2.58071   3.06460   0.24839
   7.56600  -3.07274  -2.58878   2.58878   3.07274   0.24839
   7.57600  -3.08075  -2.59672   2.59672   3.08075   0.24839
   7.58600  -3.08863  -2.60453   2.60453   3.08863   0.24839
   7.59600  -3.09639  -2.61222   2.61222   3.09639   0.24839
   7.60600  -3.10402  -2.61978   2.61978   3.10402   0.24839
   7.61600  -3.11151  -2.62721   2.62721   3.11151   0.24839
   7.62600  -3.11888  -2.63451   2.63451   3.11888   0.24839
   7.63600  -3.12612  -2.64168   2.64168   3.12612   0.24839
   7.64600  -3.13322  -2.64872   2.64872   3.13322   0.24839
   7.65600  -3.14019  -2.65563   2.65563   3.14019   0.24839
   7.66600  -3.14703  -2.66241   2.66241   3.14703   0.24839
   7.67600  -3.15373  -2.66906   2.66906   3.15373   0.24839
   7.68600  -3.16030  -2.67557   2.67557   3.16030   0.24839
   7.69600  -3.16674  -2.68196   2.68196   3.16674   0.24839
   7.70600  -3.17304  -2.68820   2.68820   3.17304   0.24839
   7.71600  -3.17920  -2.69432   2.69432   3.17920   0.24839
   7.72600  -3.18523  -2.70029   2.70029   3.18523   0.24839
   7.73600  -3.19112  -2.70614   2.70614   3.19112   0.24839
   7.74600  -3.19687  -2.71184   2.71184   3.19687   0.24839
   7.75600  -3.20248  -2.71741   2.71741   3.20248   0.24839
   7.76600  -3.20796  -2.72285   2.72285   3.20796   0.24839
   7.77600  -3.21330  -2.72814   2.72814   3.21330   0.24839
   7.78600  -3.21850  -2.73330   2.73330   3.21850   0.24839
   7.79600  -3.22356  -2.73832   2.73832   3.22356   0.24839
   7.80600  -3.22848  -2.74320   2.74320   3.22848   0.24839
   7.81600  -3.23325  -2.74794   2.74794   3.23325   0.24839
   7.82600  -3.23789  -2.75254   2.75254   3.23789   0.24839
   7.83600  -3.24239  -2.75700   2.75700   3.24239   0.24839
   7.84600  -3.24674  -2.76132   2.76132   3.24674   0.24839
   7.85600  -3.25095  -2.76550   2.76550   3.25095   0.24839
   7.86600  -3.25502  -2.76954   2.76954   3.25502   0.24839
   7.87600  -3.25895  -2.77344   2.77344   3.25895   0.24839
   7.88600  -3.26273  -2.77719   2.77719   3.26273   0.24839
   7.89600  -3.26637  -2.78080   2.78080   3.26637   0.24839
   7.90600  -3.26987  -2.78428   2.78428   3.26987   0.24839
   7.91600  -3.27322  -2.78760   2.78760   3.27322   0.24839
   7.92600  -3.27643  -2.79079   2.79079   3.27643   0.24839
   7.93600  -3.27950  -2.79383   2.79383   3.27950   0.24839
   7.94600  -3.28242  -2.79673   2.79673   3.28242   0.24839
   7.95600  -3.28519  -2.79948   2.79948   3.28519   0.24839
   7.96600  -3.28782  -2.80209   2.80209   3.28782   0.24839
   7.97600  -3.29030  -2.80456   2.80456   3.29030   0.24839
   7.98600  -3.29264  -2.80688   2.80688   3.29264   0.24839
   7.99600  -3.29483  -2.80905   2.80905   3.29483   0.24839
   8.00600  -3.29688  -2.81109   2.81109   3.29688   0.24839
   8.01600  -3.29878  -2.81297   2.81297   3.29878   0.24839
   8.02600  -3.30054  -2.81471   2.81471   3.30054   0.24839
   8.03600  -3.30214  -2.81631   2.81631   3.30214   0.24839
   8.04600  -3.30360  -2.81776   2.81776   3.30360   0.24839
   8.05600  -3.30492  -2.81907   2.81907   3.30492   0.24839
   8.06600  -3.30609  -2.82023   2.82023   3.30609   0.24839
   8.07600  -3.30711  -2.82124   2.82124   3.30711   0.24839
   8.08600  -3.30798  -2.82211   2.82211   3.30798   0.24839
   8.09600  -3.30871  -2.82283   2.82283   3.30871   0.24839
   8.10600  -3.30929  -2.82340   2.82340   3.30929   0.24839
   8.11600  -3.30972  -2.82383   2.82383   3.30972   0.24839
   8.12600  -3.31001  -2.82412   2.82412   3.31001   0.24839
   8.13600  -3.31014  -2.82425   2.82425   3.31014   0.24839
