   0.00000   0.00000   0.00000
   0.00000   0.05000   0.00000
   0.00000   0.10000   0.00000
   0.00000   0.15000   0.00001
   0.00000   0.20000   0.00000
   0.00000   0.25000   0.00001
   0.00000   0.30000   0.00000
   0.00000   0.35000   0.00000
   0.00000   0.40000   0.00001
   0.00000   0.45000   0.00000
   0.00000   0.50000   0.00001
   0.00000   0.55000   0.00000
   0.00000   0.60000   0.00001
   0.00000   0.65000   0.00000
   0.00000   0.70000   0.00001
   0.00000   0.75000   0.00001
   0.00000   0.80000   0.00001
   0.00000   0.85000   0.00002
   0.00000   0.90000   0.00001
   0.00000   0.95000   0.00001
   0.00000   1.00000   0.00001
   0.00000   1.05000   0.00001
   0.00000   1.10000   0.00001
   0.00000   1.15000   0.00002
   0.00000   1.20000   0.00002
   0.00000   1.25000   0.00002
   0.00000   1.30000   0.00002
   0.00000   1.35000   0.00002
   0.00000   1.40000   0.00002
   0.00000   1.45000   0.00003
   0.00000   1.50000   0.00002
   0.00000   1.55000   0.00003
   0.00000   1.60000   0.00003
   0.00000   1.65000   0.00003
   0.00000   1.70000   0.00003
   0.00000   1.75000   0.00003
   0.00000   1.80000   0.00004
   0.00000   1.85000   0.00004
   0.00000   1.90000   0.00005
   0.00000   1.95000   0.00006
   0.00000   2.00000   0.00006
   0.00000   2.05000   0.00007
   0.00000   2.10000   0.00009
   0.00000   2.15000   0.00012
   0.00000   2.20000   0.00015
   0.00000   2.25000   0.00024
   0.00000   2.30000   0.00047
   0.00000   2.35000   0.05987
   0.00000   2.40000   0.21860
   0.00000   2.45000   0.30705
