   0.00000   2.24950
   0.00100   2.24955
   0.00200   2.24968
   0.00300   2.24991
   0.00400   2.25022
   0.00500   2.25062
   0.00600   2.25111
   0.00700   2.25170
   0.00800   2.25237
   0.00900   2.25313
   0.01000   2.25399
   0.01100   2.25493
   0.01200   2.25597
   0.01300   2.25709
   0.01400   2.25831
   0.01500   2.25962
   0.01600   2.26102
   0.01700   2.26251
   0.01800   2.26410
   0.01900   2.26578
   0.02000   2.26755
   0.02100   2.26937
   0.02200   2.27119
   0.02300   2.27301
   0.02400   2.27483
   0.02500   2.27664
   0.02600   2.27846
   0.02700   2.28028
   0.02800   2.28210
   0.02900   2.28391
   0.03000   2.28573
   0.03100   2.28754
   0.03200   2.28936
   0.03300   2.29117
   0.03400   2.29298
   0.03500   2.29480
   0.03600   2.29661
   0.03700   2.29842
   0.03800   2.30023
   0.03900   2.30204
   0.04000   2.30385
   0.04100   2.30566
   0.04200   2.30747
   0.04300   2.30928
   0.04400   2.31109
   0.04500   2.31290
   0.04600   2.31471
   0.04700   2.31651
   0.04800   2.31832
   0.04900   2.32013
   0.05000   2.32193
   0.05100   2.32374
   0.05200   2.32554
   0.05300   2.32735
   0.05400   2.32915
   0.05500   2.33095
   0.05600   2.33276
   0.05700   2.33456
   0.05800   2.33636
   0.05900   2.33816
   0.06000   2.33996
   0.06100   2.34176
   0.06200   2.34356
   0.06300   2.34536
   0.06400   2.34716
   0.06500   2.34896
   0.06600   2.35076
   0.06700   2.35255
   0.06800   2.35435
   0.06900   2.35615
   0.07000   2.35794
   0.07100   2.35974
   0.07200   2.36154
   0.07300   2.36333
   0.07400   2.36512
   0.07500   2.36692
   0.07600   2.36871
   0.07700   2.37050
   0.07800   2.37230
   0.07900   2.37409
   0.08000   2.37588
   0.08100   2.37767
   0.08200   2.37946
   0.08300   2.38125
   0.08400   2.38304
   0.08500   2.38483
   0.08600   2.38662
   0.08700   2.38841
   0.08800   2.39019
   0.08900   2.39198
   0.09000   2.39377
   0.09100   2.39555
   0.09200   2.39734
   0.09300   2.39912
   0.09400   2.40091
   0.09500   2.40269
   0.09600   2.40448
   0.09700   2.40626
   0.09800   2.40804
   0.09900   2.40982
   0.10000   2.41161
   0.10100   2.41339
   0.10200   2.41517
   0.10300   2.41695
   0.10400   2.41873
   0.10500   2.42051
   0.10600   2.42229
   0.10700   2.42407
   0.10800   2.42584
   0.10900   2.42762
   0.11000   2.42940
   0.11100   2.43117
   0.11200   2.43295
   0.11300   2.43473
   0.11400   2.43650
   0.11500   2.43828
   0.11600   2.44005
   0.11700   2.44182
   0.11800   2.44360
   0.11900   2.44537
   0.12000   2.44714
   0.12100   2.44892
   0.12200   2.45069
   0.12300   2.45246
   0.12400   2.45423
   0.12500   2.45600
   0.12600   2.45777
   0.12700   2.45954
   0.12800   2.46131
   0.12900   2.46307
   0.13000   2.46484
   0.13100   2.46661
   0.13200   2.46838
   0.13300   2.47014
   0.13400   2.47191
   0.13500   2.47367
   0.13600   2.47544
   0.13700   2.47720
   0.13800   2.47897
   0.13900   2.48073
   0.14000   2.48249
   0.14100   2.48426
   0.14200   2.48602
   0.14300   2.48778
   0.14400   2.48954
   0.14500   2.49130
   0.14600   2.49306
   0.14700   2.49482
   0.14800   2.49658
   0.14900   2.49834
   0.15000   2.50010
   0.15100   2.50186
   0.15200   2.50361
   0.15300   2.50537
   0.15400   2.50713
   0.15500   2.50888
   0.15600   2.51064
   0.15700   2.51239
   0.15800   2.51415
   0.15900   2.51590
   0.16000   2.51766
   0.16100   2.51941
   0.16200   2.52116
   0.16300   2.52292
   0.16400   2.52467
   0.16500   2.52642
   0.16600   2.52817
   0.16700   2.52992
   0.16800   2.53167
   0.16900   2.53342
   0.17000   2.53517
   0.17100   2.53692
   0.17200   2.53867
   0.17300   2.54042
   0.17400   2.54216
   0.17500   2.54391
   0.17600   2.54566
   0.17700   2.54740
   0.17800   2.54915
   0.17900   2.55089
   0.18000   2.55264
   0.18100   2.55438
   0.18200   2.55613
   0.18300   2.55787
   0.18400   2.55961
   0.18500   2.56135
   0.18600   2.56310
   0.18700   2.56484
   0.18800   2.56658
   0.18900   2.56832
   0.19000   2.57006
   0.19100   2.57180
   0.19200   2.57354
   0.19300   2.57528
   0.19400   2.57701
   0.19500   2.57875
   0.19600   2.58049
   0.19700   2.58223
   0.19800   2.58396
   0.19900   2.58570
   0.20000   2.58743
   0.20100   2.58917
   0.20200   2.59090
   0.20300   2.59264
   0.20400   2.59437
   0.20500   2.59611
   0.20600   2.59784
   0.20700   2.59957
   0.20800   2.60130
   0.20900   2.60303
   0.21000   2.60477
   0.21100   2.60650
   0.21200   2.60823
   0.21300   2.60996
   0.21400   2.61169
   0.21500   2.61341
   0.21600   2.61514
   0.21700   2.61687
   0.21800   2.61860
   0.21900   2.62033
   0.22000   2.62205
   0.22100   2.62378
   0.22200   2.62550
   0.22300   2.62723
   0.22400   2.62895
   0.22500   2.63068
   0.22600   2.63240
   0.22700   2.63413
   0.22800   2.63585
   0.22900   2.63757
   0.23000   2.63929
   0.23100   2.64101
   0.23200   2.64274
   0.23300   2.64446
   0.23400   2.64618
   0.23500   2.64790
   0.23600   2.64962
   0.23700   2.65134
   0.23800   2.65305
   0.23900   2.65477
   0.24000   2.65649
   0.24100   2.65821
   0.24200   2.65992
   0.24300   2.66164
   0.24400   2.66336
   0.24500   2.66507
   0.24600   2.66679
   0.24700   2.66850
   0.24800   2.67022
   0.24900   2.67193
   0.25000   2.67364
   0.25100   2.67536
   0.25200   2.67707
   0.25300   2.67878
   0.25400   2.68049
   0.25500   2.68220
   0.25600   2.68391
   0.25700   2.68562
   0.25800   2.68733
   0.25900   2.68904
   0.26000   2.69075
   0.26100   2.69246
   0.26200   2.69417
   0.26300   2.69588
   0.26400   2.69758
   0.26500   2.69929
   0.26600   2.70100
   0.26700   2.70270
   0.26800   2.70441
   0.26900   2.70611
   0.27000   2.70782
   0.27100   2.70952
   0.27200   2.71123
   0.27300   2.71293
   0.27400   2.71463
   0.27500   2.71633
   0.27600   2.71804
   0.27700   2.71974
   0.27800   2.72144
   0.27900   2.72314
   0.28000   2.72484
   0.28100   2.72654
   0.28200   2.72824
   0.28300   2.72994
   0.28400   2.73164
   0.28500   2.73334
   0.28600   2.73503
   0.28700   2.73673
   0.28800   2.73843
   0.28900   2.74012
   0.29000   2.74182
   0.29100   2.74352
   0.29200   2.74521
   0.29300   2.74691
   0.29400   2.74860
   0.29500   2.75029
   0.29600   2.75199
   0.29700   2.75368
   0.29800   2.75537
   0.29900   2.75706
   0.30000   2.75876
   0.30100   2.76045
   0.30200   2.76214
   0.30300   2.76383
   0.30400   2.76552
   0.30500   2.76721
   0.30600   2.76890
   0.30700   2.77059
   0.30800   2.77227
   0.30900   2.77396
   0.31000   2.77565
   0.31100   2.77734
   0.31200   2.77902
   0.31300   2.78071
   0.31400   2.78240
   0.31500   2.78408
   0.31600   2.78577
   0.31700   2.78745
   0.31800   2.78914
   0.31900   2.79082
   0.32000   2.79250
   0.32100   2.79419
   0.32200   2.79587
   0.32300   2.79755
   0.32400   2.79923
   0.32500   2.80091
   0.32600   2.80259
   0.32700   2.80427
   0.32800   2.80595
   0.32900   2.80763
   0.33000   2.80931
   0.33100   2.81099
   0.33200   2.81267
   0.33300   2.81435
   0.33400   2.81602
   0.33500   2.81770
   0.33600   2.81938
   0.33700   2.82105
   0.33800   2.82273
   0.33900   2.82441
   0.34000   2.82608
   0.34100   2.82776
   0.34200   2.82943
   0.34300   2.83110
   0.34400   2.83278
   0.34500   2.83445
   0.34600   2.83612
   0.34700   2.83779
   0.34800   2.83947
   0.34900   2.84114
   0.35000   2.84281
   0.35100   2.84448
   0.35200   2.84615
   0.35300   2.84782
   0.35400   2.84949
   0.35500   2.85116
   0.35600   2.85282
   0.35700   2.85449
   0.35800   2.85616
   0.35900   2.85783
   0.36000   2.85949
   0.36100   2.86116
   0.36200   2.86283
   0.36300   2.86449
   0.36400   2.86616
   0.36500   2.86782
   0.36600   2.86949
   0.36700   2.87115
   0.36800   2.87281
   0.36900   2.87448
   0.37000   2.87614
   0.37100   2.87780
   0.37200   2.87946
   0.37300   2.88112
   0.37400   2.88279
   0.37500   2.88445
   0.37600   2.88611
   0.37700   2.88777
   0.37800   2.88943
   0.37900   2.89108
   0.38000   2.89274
   0.38100   2.89440
   0.38200   2.89606
   0.38300   2.89772
   0.38400   2.89937
   0.38500   2.90103
   0.38600   2.90269
   0.38700   2.90434
   0.38800   2.90600
   0.38900   2.90765
   0.39000   2.90931
   0.39100   2.91096
   0.39200   2.91262
   0.39300   2.91427
   0.39400   2.91592
   0.39500   2.91757
   0.39600   2.91923
   0.39700   2.92088
   0.39800   2.92253
   0.39900   2.92418
   0.40000   2.92583
   0.40100   2.92748
   0.40200   2.92913
   0.40300   2.93078
   0.40400   2.93243
   0.40500   2.93408
   0.40600   2.93573
   0.40700   2.93737
   0.40800   2.93902
   0.40900   2.94067
   0.41000   2.94232
   0.41100   2.94396
   0.41200   2.94561
   0.41300   2.94725
   0.41400   2.94890
   0.41500   2.95054
   0.41600   2.95219
   0.41700   2.95383
   0.41800   2.95547
   0.41900   2.95712
   0.42000   2.95876
   0.42100   2.96040
   0.42200   2.96204
   0.42300   2.96369
   0.42400   2.96533
   0.42500   2.96697
   0.42600   2.96861
   0.42700   2.97025
   0.42800   2.97189
   0.42900   2.97353
   0.43000   2.97517
   0.43100   2.97680
   0.43200   2.97844
   0.43300   2.98008
   0.43400   2.98172
   0.43500   2.98335
   0.43600   2.98499
   0.43700   2.98663
   0.43800   2.98826
   0.43900   2.98990
   0.44000   2.99153
   0.44100   2.99317
   0.44200   2.99480
   0.44300   2.99644
   0.44400   2.99807
   0.44500   2.99970
   0.44600   3.00133
   0.44700   3.00297
   0.44800   3.00460
   0.44900   3.00623
   0.45000   3.00786
   0.45100   3.00949
   0.45200   3.01112
   0.45300   3.01275
   0.45400   3.01438
   0.45500   3.01601
   0.45600   3.01764
   0.45700   3.01927
   0.45800   3.02090
   0.45900   3.02252
   0.46000   3.02415
   0.46100   3.02578
   0.46200   3.02740
   0.46300   3.02903
   0.46400   3.03066
   0.46500   3.03228
   0.46600   3.03391
   0.46700   3.03553
   0.46800   3.03716
   0.46900   3.03878
   0.47000   3.04040
   0.47100   3.04203
   0.47200   3.04365
   0.47300   3.04527
   0.47400   3.04689
   0.47500   3.04851
   0.47600   3.05014
   0.47700   3.05176
   0.47800   3.05338
   0.47900   3.05500
   0.48000   3.05662
   0.48100   3.05824
   0.48200   3.05985
   0.48300   3.06147
   0.48400   3.06309
   0.48500   3.06471
   0.48600   3.06633
   0.48700   3.06794
   0.48800   3.06956
   0.48900   3.07118
   0.49000   3.07279
   0.49100   3.07441
   0.49200   3.07602
   0.49300   3.07764
   0.49400   3.07925
   0.49500   3.08087
   0.49600   3.08248
   0.49700   3.08409
   0.49800   3.08571
   0.49900   3.08732
