   0.00000   2.42987
   0.00100   2.42988
   0.00200   2.42989
   0.00300   2.42991
   0.00400   2.42993
   0.00500   2.42996
   0.00600   2.43000
   0.00700   2.43005
   0.00800   2.43011
   0.00900   2.43017
   0.01000   2.43024
   0.01100   2.43031
   0.01200   2.43040
   0.01300   2.43049
   0.01400   2.43059
   0.01500   2.43069
   0.01600   2.43081
   0.01700   2.43093
   0.01800   2.43106
   0.01900   2.43119
   0.02000   2.43133
   0.02100   2.43148
   0.02200   2.43164
   0.02300   2.43180
   0.02400   2.43198
   0.02500   2.43216
   0.02600   2.43234
   0.02700   2.43254
   0.02800   2.43274
   0.02900   2.43295
   0.03000   2.43316
   0.03100   2.43339
   0.03200   2.43362
   0.03300   2.43385
   0.03400   2.43410
   0.03500   2.43435
   0.03600   2.43461
   0.03700   2.43488
   0.03800   2.43516
   0.03900   2.43544
   0.04000   2.43573
   0.04100   2.43603
   0.04200   2.43633
   0.04300   2.43664
   0.04400   2.43696
   0.04500   2.43729
   0.04600   2.43762
   0.04700   2.43797
   0.04800   2.43832
   0.04900   2.43867
   0.05000   2.43904
   0.05100   2.43941
   0.05200   2.43979
   0.05300   2.44018
   0.05400   2.44057
   0.05500   2.44098
   0.05600   2.44139
   0.05700   2.44180
   0.05800   2.44223
   0.05900   2.44266
   0.06000   2.44310
   0.06100   2.44355
   0.06200   2.44401
   0.06300   2.44447
   0.06400   2.44494
   0.06500   2.44542
   0.06600   2.44591
   0.06700   2.44640
   0.06800   2.44690
   0.06900   2.44741
   0.07000   2.44793
   0.07100   2.44845
   0.07200   2.44899
   0.07300   2.44953
   0.07400   2.45008
   0.07500   2.45063
   0.07600   2.45120
   0.07700   2.45177
   0.07800   2.45235
   0.07900   2.45294
   0.08000   2.45353
   0.08100   2.45413
   0.08200   2.45475
   0.08300   2.45536
   0.08400   2.45599
   0.08500   2.45663
   0.08600   2.45727
   0.08700   2.45792
   0.08800   2.45858
   0.08900   2.45925
   0.09000   2.45992
   0.09100   2.46061
   0.09200   2.46130
   0.09300   2.46200
   0.09400   2.46270
   0.09500   2.46342
   0.09600   2.46414
   0.09700   2.46488
   0.09800   2.46562
   0.09900   2.46637
   0.10000   2.46712
   0.10100   2.46789
   0.10200   2.46866
   0.10300   2.46944
   0.10400   2.47023
   0.10500   2.47103
   0.10600   2.47184
   0.10700   2.47265
   0.10800   2.47348
   0.10900   2.47431
   0.11000   2.47515
   0.11100   2.47600
   0.11200   2.47685
   0.11300   2.47772
   0.11400   2.47859
   0.11500   2.47948
   0.11600   2.48037
   0.11700   2.48127
   0.11800   2.48218
   0.11900   2.48310
   0.12000   2.48402
   0.12100   2.48496
   0.12200   2.48590
   0.12300   2.48685
   0.12400   2.48781
   0.12500   2.48878
   0.12600   2.48976
   0.12700   2.49075
   0.12800   2.49175
   0.12900   2.49275
   0.13000   2.49377
   0.13100   2.49479
   0.13200   2.49582
   0.13300   2.49687
   0.13400   2.49792
   0.13500   2.49898
   0.13600   2.50004
   0.13700   2.50112
   0.13800   2.50221
   0.13900   2.50331
   0.14000   2.50441
   0.14100   2.50553
   0.14200   2.50665
   0.14300   2.50779
   0.14400   2.50893
   0.14500   2.51008
   0.14600   2.51124
   0.14700   2.51242
   0.14800   2.51360
   0.14900   2.51479
   0.15000   2.51599
   0.15100   2.51720
   0.15200   2.51842
   0.15300   2.51965
   0.15400   2.52088
   0.15500   2.52213
   0.15600   2.52339
   0.15700   2.52466
   0.15800   2.52594
   0.15900   2.52723
   0.16000   2.52852
   0.16100   2.52983
   0.16200   2.53115
   0.16300   2.53248
   0.16400   2.53382
   0.16500   2.53516
   0.16600   2.53652
   0.16700   2.53789
   0.16800   2.53927
   0.16900   2.54066
   0.17000   2.54206
   0.17100   2.54347
   0.17200   2.54489
   0.17300   2.54632
   0.17400   2.54776
   0.17500   2.54922
   0.17600   2.55068
   0.17700   2.55215
   0.17800   2.55364
   0.17900   2.55513
   0.18000   2.55664
   0.18100   2.55815
   0.18200   2.55968
   0.18300   2.56122
   0.18400   2.56277
   0.18500   2.56433
   0.18600   2.56590
   0.18700   2.56748
   0.18800   2.56907
   0.18900   2.57068
   0.19000   2.57230
   0.19100   2.57392
   0.19200   2.57556
   0.19300   2.57721
   0.19400   2.57887
   0.19500   2.58055
   0.19600   2.58223
   0.19700   2.58393
   0.19800   2.58564
   0.19900   2.58736
   0.20000   2.58909
   0.20100   2.59083
   0.20200   2.59256
   0.20300   2.59430
   0.20400   2.59604
   0.20500   2.59777
   0.20600   2.59951
   0.20700   2.60124
   0.20800   2.60298
   0.20900   2.60471
   0.21000   2.60645
   0.21100   2.60818
   0.21200   2.60991
   0.21300   2.61164
   0.21400   2.61337
   0.21500   2.61511
   0.21600   2.61684
   0.21700   2.61857
   0.21800   2.62030
   0.21900   2.62203
   0.22000   2.62376
   0.22100   2.62548
   0.22200   2.62721
   0.22300   2.62894
   0.22400   2.63067
   0.22500   2.63239
   0.22600   2.63412
   0.22700   2.63585
   0.22800   2.63757
   0.22900   2.63930
   0.23000   2.64102
   0.23100   2.64275
   0.23200   2.64447
   0.23300   2.64619
   0.23400   2.64792
   0.23500   2.64964
   0.23600   2.65136
   0.23700   2.65308
   0.23800   2.65480
   0.23900   2.65652
   0.24000   2.65824
   0.24100   2.65996
   0.24200   2.66168
   0.24300   2.66340
   0.24400   2.66512
   0.24500   2.66684
   0.24600   2.66855
   0.24700   2.67027
   0.24800   2.67199
   0.24900   2.67370
   0.25000   2.67542
   0.25100   2.67714
   0.25200   2.67885
   0.25300   2.68056
   0.25400   2.68228
   0.25500   2.68399
   0.25600   2.68571
   0.25700   2.68742
   0.25800   2.68913
   0.25900   2.69084
   0.26000   2.69255
   0.26100   2.69426
   0.26200   2.69598
   0.26300   2.69769
   0.26400   2.69939
   0.26500   2.70110
   0.26600   2.70281
   0.26700   2.70452
   0.26800   2.70623
   0.26900   2.70794
   0.27000   2.70964
   0.27100   2.71135
   0.27200   2.71306
   0.27300   2.71476
   0.27400   2.71647
   0.27500   2.71817
   0.27600   2.71988
   0.27700   2.72158
   0.27800   2.72328
   0.27900   2.72499
   0.28000   2.72669
   0.28100   2.72839
   0.28200   2.73009
   0.28300   2.73180
   0.28400   2.73350
   0.28500   2.73520
   0.28600   2.73690
   0.28700   2.73860
   0.28800   2.74030
   0.28900   2.74200
   0.29000   2.74369
   0.29100   2.74539
   0.29200   2.74709
   0.29300   2.74879
   0.29400   2.75048
   0.29500   2.75218
   0.29600   2.75388
   0.29700   2.75557
   0.29800   2.75727
   0.29900   2.75896
   0.30000   2.76065
   0.30100   2.76235
   0.30200   2.76404
   0.30300   2.76573
   0.30400   2.76743
   0.30500   2.76912
   0.30600   2.77081
   0.30700   2.77250
   0.30800   2.77419
   0.30900   2.77588
   0.31000   2.77757
   0.31100   2.77926
   0.31200   2.78095
   0.31300   2.78264
   0.31400   2.78433
   0.31500   2.78602
   0.31600   2.78770
   0.31700   2.78939
   0.31800   2.79108
   0.31900   2.79276
   0.32000   2.79445
   0.32100   2.79613
   0.32200   2.79782
   0.32300   2.79950
   0.32400   2.80119
   0.32500   2.80287
   0.32600   2.80455
   0.32700   2.80624
   0.32800   2.80792
   0.32900   2.80960
   0.33000   2.81128
   0.33100   2.81296
   0.33200   2.81464
   0.33300   2.81632
   0.33400   2.81800
   0.33500   2.81968
