   3.00000   0.00000   0.00024
   3.10000   0.00000   0.00042
   3.20000   0.00000   0.00043
   3.30000   0.00000   0.00046
   3.40000   0.00000   0.00036
   3.50000   0.00000   0.00038
   3.60000   0.00000   0.00020
   3.70000   0.00000   0.00036
   3.80000   0.00000   0.00025
   3.90000   0.00000   0.00028
   4.00000   0.00000   0.00019
   4.10000   0.00000   0.00031
   4.20000   0.00000   0.00048
   4.30000   0.00000   0.32389
   4.40000   0.00000   0.33236
   4.50000   0.00000   0.33977
   4.60000   0.00000   0.34706
   4.70000   0.00000   0.35355
   4.80000   0.00000   0.35966
   4.90000   0.00000   0.36544
   3.00000   0.10000   0.00030
   3.10000   0.10000   0.00013
   3.20000   0.10000   0.00031
   3.30000   0.10000   0.00037
   3.40000   0.10000   0.00062
   3.50000   0.10000   0.00028
   3.60000   0.10000   0.00053
   3.70000   0.10000   0.00037
   3.80000   0.10000   0.00030
   3.90000   0.10000   0.00066
   4.00000   0.10000   0.00035
   4.10000   0.10000   0.00018
   4.20000   0.10000   0.31427
   4.30000   0.10000   0.32339
   4.40000   0.10000   0.33189
   4.50000   0.10000   0.33952
   4.60000   0.10000   0.34662
   4.70000   0.10000   0.35329
   4.80000   0.10000   0.35947
   4.90000   0.10000   0.36535
   3.00000   0.20000   0.00041
   3.10000   0.20000   0.00035
   3.20000   0.20000   0.00019
   3.30000   0.20000   0.00048
   3.40000   0.20000   0.00046
   3.50000   0.20000   0.00043
   3.60000   0.20000   0.00033
   3.70000   0.20000   0.00018
   3.80000   0.20000   0.00031
   3.90000   0.20000   0.00031
   4.00000   0.20000   0.00040
   4.10000   0.20000   0.30246
   4.20000   0.20000   0.31272
   4.30000   0.20000   0.32208
   4.40000   0.20000   0.33060
   4.50000   0.20000   0.33868
   4.60000   0.20000   0.34585
   4.70000   0.20000   0.35265
   4.80000   0.20000   0.35877
   4.90000   0.20000   0.36466
   3.00000   0.30000   0.00025
   3.10000   0.30000   0.00026
   3.20000   0.30000   0.00078
   3.30000   0.30000   0.00011
   3.40000   0.30000   0.00055
   3.50000   0.30000   0.00027
   3.60000   0.30000   0.00037
   3.70000   0.30000   0.00029
   3.80000   0.30000   0.00060
   3.90000   0.30000   0.00027
   4.00000   0.30000   0.00027
   4.10000   0.30000   0.00016
   4.20000   0.30000   0.00051
   4.30000   0.30000   0.31997
   4.40000   0.30000   0.32878
   4.50000   0.30000   0.33707
   4.60000   0.30000   0.34446
   4.70000   0.30000   0.35139
   4.80000   0.30000   0.35773
   4.90000   0.30000   0.36369
   3.00000   0.40000   0.00046
   3.10000   0.40000   0.00043
   3.20000   0.40000   0.00036
   3.30000   0.40000   0.00087
   3.40000   0.40000   0.00012
   3.50000   0.40000   0.00053
   3.60000   0.40000   0.00048
   3.70000   0.40000   0.00027
   3.80000   0.40000   0.00042
   3.90000   0.40000   0.00027
   4.00000   0.40000   0.00055
   4.10000   0.40000   0.00020
   4.20000   0.40000   0.00035
   4.30000   0.40000   0.00045
   4.40000   0.40000   0.32621
   4.50000   0.40000   0.33486
   4.60000   0.40000   0.34262
   4.70000   0.40000   0.34997
   4.80000   0.40000   0.35638
   4.90000   0.40000   0.36250
   3.00000   0.50000   0.00016
   3.10000   0.50000   0.00034
   3.20000   0.50000   0.00052
   3.30000   0.50000   0.00058
   3.40000   0.50000   0.00027
   3.50000   0.50000   0.00055
   3.60000   0.50000   0.00022
   3.70000   0.50000   0.00027
   3.80000   0.50000   0.00029
   3.90000   0.50000   0.00027
   4.00000   0.50000   0.00025
   4.10000   0.50000   0.00100
   4.20000   0.50000   0.00022
   4.30000   0.50000   0.00048
   4.40000   0.50000   0.00033
   4.50000   0.50000   0.00108
   4.60000   0.50000   0.00064
   4.70000   0.50000   0.34767
   4.80000   0.50000   0.35455
   4.90000   0.50000   0.36108
   3.00000   0.60000   0.00039
   3.10000   0.60000   0.00039
   3.20000   0.60000   0.00018
   3.30000   0.60000   0.00048
   3.40000   0.60000   0.00038
   3.50000   0.60000   0.00040
   3.60000   0.60000   0.00041
   3.70000   0.60000   0.00039
   3.80000   0.60000   0.00032
   3.90000   0.60000   0.00041
   4.00000   0.60000   0.00046
   4.10000   0.60000   0.00026
   4.20000   0.60000   0.00032
   4.30000   0.60000   0.00043
   4.40000   0.60000   0.00048
   4.50000   0.60000   0.00036
   4.60000   0.60000   0.00026
   4.70000   0.60000   0.00043
   4.80000   0.60000   0.00052
   4.90000   0.60000   0.00070
   3.00000   0.70000   0.00030
   3.10000   0.70000   0.00041
   3.20000   0.70000   0.00068
   3.30000   0.70000   0.00052
   3.40000   0.70000   0.00062
   3.50000   0.70000   0.00046
   3.60000   0.70000   0.00041
   3.70000   0.70000   0.00046
   3.80000   0.70000   0.00041
   3.90000   0.70000   0.00036
   4.00000   0.70000   0.00035
   4.10000   0.70000   0.00074
   4.20000   0.70000   0.00047
   4.30000   0.70000   0.00045
   4.40000   0.70000   0.00026
   4.50000   0.70000   0.00038
   4.60000   0.70000   0.00026
   4.70000   0.70000   0.00037
   4.80000   0.70000   0.00030
   4.90000   0.70000   0.00046
   3.00000   0.80000   0.00058
   3.10000   0.80000   0.00028
   3.20000   0.80000   0.00058
   3.30000   0.80000   0.00056
   3.40000   0.80000   0.00048
   3.50000   0.80000   0.00033
   3.60000   0.80000   0.00040
   3.70000   0.80000   0.00054
   3.80000   0.80000   0.00042
   3.90000   0.80000   0.00058
   4.00000   0.80000   0.00060
   4.10000   0.80000   0.00046
   4.20000   0.80000   0.00028
   4.30000   0.80000   0.00021
   4.40000   0.80000   0.00041
   4.50000   0.80000   0.00036
   4.60000   0.80000   0.00049
   4.70000   0.80000   0.00047
   4.80000   0.80000   0.00042
   4.90000   0.80000   0.00017
   3.00000   0.90000   0.00065
   3.10000   0.90000   0.00043
   3.20000   0.90000   0.00045
   3.30000   0.90000   0.00053
   3.40000   0.90000   0.00061
   3.50000   0.90000   0.00059
   3.60000   0.90000   0.00064
   3.70000   0.90000   0.00040
   3.80000   0.90000   0.00043
   3.90000   0.90000   0.00033
   4.00000   0.90000   0.00043
   4.10000   0.90000   0.00052
   4.20000   0.90000   0.00034
   4.30000   0.90000   0.00064
   4.40000   0.90000   0.00025
   4.50000   0.90000   0.00040
   4.60000   0.90000   0.00043
   4.70000   0.90000   0.00027
   4.80000   0.90000   0.00043
   4.90000   0.90000   0.00031
   3.00000   1.00000   0.00060
   3.10000   1.00000   0.00055
   3.20000   1.00000   0.00041
   3.30000   1.00000   0.00059
   3.40000   1.00000   0.00020
   3.50000   1.00000   0.00063
   3.60000   1.00000   0.00039
   3.70000   1.00000   0.00054
   3.80000   1.00000   0.00063
   3.90000   1.00000   0.00038
   4.00000   1.00000   0.00036
   4.10000   1.00000   0.00072
   4.20000   1.00000   0.00051
   4.30000   1.00000   0.00048
   4.40000   1.00000   0.00034
   4.50000   1.00000   0.00058
   4.60000   1.00000   0.00040
   4.70000   1.00000   0.00035
   4.80000   1.00000   0.00059
   4.90000   1.00000   0.00021
   3.00000   1.10000   0.00054
   3.10000   1.10000   0.00065
   3.20000   1.10000   0.00069
   3.30000   1.10000   0.00060
   3.40000   1.10000   0.00044
   3.50000   1.10000   0.00048
   3.60000   1.10000   0.00054
   3.70000   1.10000   0.00053
   3.80000   1.10000   0.00050
   3.90000   1.10000   0.00082
   4.00000   1.10000   0.00056
   4.10000   1.10000   0.00046
   4.20000   1.10000   0.00046
   4.30000   1.10000   0.00063
   4.40000   1.10000   0.00064
   4.50000   1.10000   0.00071
   4.60000   1.10000   0.00052
   4.70000   1.10000   0.00041
   4.80000   1.10000   0.00054
   4.90000   1.10000   0.00043
   3.00000   1.20000   0.00065
   3.10000   1.20000   0.00070
   3.20000   1.20000   0.00078
   3.30000   1.20000   0.00051
   3.40000   1.20000   0.00085
   3.50000   1.20000   0.00067
   3.60000   1.20000   0.00043
   3.70000   1.20000   0.00052
   3.80000   1.20000   0.00070
   3.90000   1.20000   0.00046
   4.00000   1.20000   0.00065
   4.10000   1.20000   0.00069
   4.20000   1.20000   0.00072
   4.30000   1.20000   0.00038
   4.40000   1.20000   0.00051
   4.50000   1.20000   0.00049
   4.60000   1.20000   0.00069
   4.70000   1.20000   0.00046
   4.80000   1.20000   0.00039
   4.90000   1.20000   0.00042
   3.00000   1.30000   0.00081
   3.10000   1.30000   0.00062
   3.20000   1.30000   0.00055
   3.30000   1.30000   0.00058
   3.40000   1.30000   0.00069
   3.50000   1.30000   0.00062
   3.60000   1.30000   0.00072
   3.70000   1.30000   0.00059
   3.80000   1.30000   0.00050
   3.90000   1.30000   0.00062
   4.00000   1.30000   0.00048
   4.10000   1.30000   0.00044
   4.20000   1.30000   0.00050
   4.30000   1.30000   0.00062
   4.40000   1.30000   0.00046
   4.50000   1.30000   0.00076
   4.60000   1.30000   0.00056
   4.70000   1.30000   0.00058
   4.80000   1.30000   0.00055
   4.90000   1.30000   0.00056
   3.00000   1.40000   0.00058
   3.10000   1.40000   0.00099
   3.20000   1.40000   0.00051
   3.30000   1.40000   0.00077
   3.40000   1.40000   0.00063
   3.50000   1.40000   0.00036
   3.60000   1.40000   0.00056
   3.70000   1.40000   0.00060
   3.80000   1.40000   0.00066
   3.90000   1.40000   0.00056
   4.00000   1.40000   0.00069
   4.10000   1.40000   0.00068
   4.20000   1.40000   0.00066
   4.30000   1.40000   0.00061
   4.40000   1.40000   0.00048
   4.50000   1.40000   0.00070
   4.60000   1.40000   0.00051
   4.70000   1.40000   0.00081
   4.80000   1.40000   0.00067
   4.90000   1.40000   0.00044
   3.00000   1.50000   0.00101
   3.10000   1.50000   0.00075
   3.20000   1.50000   0.00082
   3.30000   1.50000   0.00064
   3.40000   1.50000   0.00070
   3.50000   1.50000   0.00065
   3.60000   1.50000   0.00051
   3.70000   1.50000   0.00075
   3.80000   1.50000   0.00050
   3.90000   1.50000   0.00079
   4.00000   1.50000   0.00067
   4.10000   1.50000   0.00080
   4.20000   1.50000   0.00053
   4.30000   1.50000   0.00074
   4.40000   1.50000   0.00043
   4.50000   1.50000   0.00050
   4.60000   1.50000   0.00077
   4.70000   1.50000   0.00077
   4.80000   1.50000   0.00072
   4.90000   1.50000   0.00058
   3.00000   1.60000   0.00072
   3.10000   1.60000   0.00076
   3.20000   1.60000   0.00068
   3.30000   1.60000   0.00069
   3.40000   1.60000   0.00063
   3.50000   1.60000   0.00073
   3.60000   1.60000   0.00085
   3.70000   1.60000   0.00073
   3.80000   1.60000   0.00079
   3.90000   1.60000   0.00082
   4.00000   1.60000   0.00060
   4.10000   1.60000   0.00045
   4.20000   1.60000   0.00042
   4.30000   1.60000   0.00061
   4.40000   1.60000   0.00079
   4.50000   1.60000   0.00048
   4.60000   1.60000   0.00061
   4.70000   1.60000   0.00068
   4.80000   1.60000   0.00057
   4.90000   1.60000   0.00045
   3.00000   1.70000   0.00072
   3.10000   1.70000   0.00056
   3.20000   1.70000   0.00091
   3.30000   1.70000   0.00064
   3.40000   1.70000   0.00095
   3.50000   1.70000   0.00059
   3.60000   1.70000   0.00083
   3.70000   1.70000   0.00070
   3.80000   1.70000   0.00060
   3.90000   1.70000   0.00105
   4.00000   1.70000   0.00079
   4.10000   1.70000   0.00053
   4.20000   1.70000   0.00071
   4.30000   1.70000   0.00055
   4.40000   1.70000   0.00077
   4.50000   1.70000   0.00074
   4.60000   1.70000   0.00095
   4.70000   1.70000   0.00070
   4.80000   1.70000   0.00066
   4.90000   1.70000   0.00076
   3.00000   1.80000   0.00066
   3.10000   1.80000   0.00078
   3.20000   1.80000   0.00091
   3.30000   1.80000   0.00077
   3.40000   1.80000   0.00091
   3.50000   1.80000   0.00080
   3.60000   1.80000   0.00074
   3.70000   1.80000   0.00071
   3.80000   1.80000   0.00073
   3.90000   1.80000   0.00065
   4.00000   1.80000   0.00090
   4.10000   1.80000   0.00064
   4.20000   1.80000   0.00055
   4.30000   1.80000   0.00068
   4.40000   1.80000   0.00088
   4.50000   1.80000   0.00081
   4.60000   1.80000   0.00067
   4.70000   1.80000   0.00051
   4.80000   1.80000   0.00060
   4.90000   1.80000   0.00052
   3.00000   1.90000   0.00092
   3.10000   1.90000   0.00085
   3.20000   1.90000   0.00072
   3.30000   1.90000   0.00068
   3.40000   1.90000   0.00077
   3.50000   1.90000   0.00065
   3.60000   1.90000   0.00045
   3.70000   1.90000   0.00085
   3.80000   1.90000   0.00074
   3.90000   1.90000   0.00090
   4.00000   1.90000   0.00075
   4.10000   1.90000   0.00088
   4.20000   1.90000   0.00079
   4.30000   1.90000   0.00070
   4.40000   1.90000   0.00074
   4.50000   1.90000   0.00058
   4.60000   1.90000   0.00082
   4.70000   1.90000   0.00071
   4.80000   1.90000   0.00069
   4.90000   1.90000   0.00065
   3.00000   2.00000   0.00073
   3.10000   2.00000   0.00077
   3.20000   2.00000   0.00070
   3.30000   2.00000   0.00088
   3.40000   2.00000   0.00092
   3.50000   2.00000   0.00075
   3.60000   2.00000   0.00074
   3.70000   2.00000   0.00079
   3.80000   2.00000   0.00071
   3.90000   2.00000   0.00074
   4.00000   2.00000   0.00065
   4.10000   2.00000   0.00065
   4.20000   2.00000   0.00087
   4.30000   2.00000   0.00063
   4.40000   2.00000   0.00066
   4.50000   2.00000   0.00077
   4.60000   2.00000   0.00073
   4.70000   2.00000   0.00073
   4.80000   2.00000   0.00052
   4.90000   2.00000   0.00070
   3.00000   2.10000   0.00093
   3.10000   2.10000   0.00074
   3.20000   2.10000   0.00096
   3.30000   2.10000   0.00097
   3.40000   2.10000   0.00080
   3.50000   2.10000   0.00083
   3.60000   2.10000   0.00069
   3.70000   2.10000   0.00058
   3.80000   2.10000   0.00086
   3.90000   2.10000   0.00075
   4.00000   2.10000   0.00067
   4.10000   2.10000   0.00052
   4.20000   2.10000   0.00060
   4.30000   2.10000   0.00051
   4.40000   2.10000   0.00060
   4.50000   2.10000   0.00067
   4.60000   2.10000   0.00076
   4.70000   2.10000   0.00070
   4.80000   2.10000   0.00066
   4.90000   2.10000   0.00077
   3.00000   2.20000   0.00093
   3.10000   2.20000   0.00099
   3.20000   2.20000   0.00075
   3.30000   2.20000   0.00094
   3.40000   2.20000   0.00077
   3.50000   2.20000   0.00053
   3.60000   2.20000   0.00068
   3.70000   2.20000   0.00085
   3.80000   2.20000   0.00073
   3.90000   2.20000   0.00085
   4.00000   2.20000   0.00059
   4.10000   2.20000   0.00078
   4.20000   2.20000   0.00086
   4.30000   2.20000   0.00051
   4.40000   2.20000   0.00074
   4.50000   2.20000   0.00076
   4.60000   2.20000   0.00064
   4.70000   2.20000   0.00079
   4.80000   2.20000   0.00076
   4.90000   2.20000   0.00069
   3.00000   2.30000   0.00084
   3.10000   2.30000   0.00070
   3.20000   2.30000   0.00082
   3.30000   2.30000   0.00079
   3.40000   2.30000   0.00073
   3.50000   2.30000   0.00079
   3.60000   2.30000   0.00064
   3.70000   2.30000   0.00073
   3.80000   2.30000   0.00082
   3.90000   2.30000   0.00075
   4.00000   2.30000   0.00079
   4.10000   2.30000   0.00073
   4.20000   2.30000   0.00090
   4.30000   2.30000   0.00081
   4.40000   2.30000   0.00075
   4.50000   2.30000   0.00079
   4.60000   2.30000   0.00077
   4.70000   2.30000   0.00061
   4.80000   2.30000   0.00055
   4.90000   2.30000   0.00077
   3.00000   2.40000   0.00069
   3.10000   2.40000   0.00071
   3.20000   2.40000   0.00098
   3.30000   2.40000   0.00099
   3.40000   2.40000   0.00083
   3.50000   2.40000   0.00061
   3.60000   2.40000   0.00071
   3.70000   2.40000   0.00092
   3.80000   2.40000   0.00064
   3.90000   2.40000   0.00082
   4.00000   2.40000   0.00076
   4.10000   2.40000   0.00077
   4.20000   2.40000   0.00069
   4.30000   2.40000   0.00080
   4.40000   2.40000   0.00063
   4.50000   2.40000   0.00077
   4.60000   2.40000   0.00054
   4.70000   2.40000   0.00082
   4.80000   2.40000   0.00072
   4.90000   2.40000   0.00064
   3.00000   2.50000   0.00086
   3.10000   2.50000   0.00080
   3.20000   2.50000   0.00075
   3.30000   2.50000   0.00077
   3.40000   2.50000   0.00090
   3.50000   2.50000   0.00080
   3.60000   2.50000   0.00069
   3.70000   2.50000   0.00073
   3.80000   2.50000   0.00071
   3.90000   2.50000   0.00087
   4.00000   2.50000   0.00070
   4.10000   2.50000   0.00071
   4.20000   2.50000   0.00065
   4.30000   2.50000   0.00081
   4.40000   2.50000   0.00063
   4.50000   2.50000   0.00075
   4.60000   2.50000   0.00086
   4.70000   2.50000   0.00066
   4.80000   2.50000   0.00075
   4.90000   2.50000   0.00067
   3.00000   2.60000   0.00097
   3.10000   2.60000   0.00084
   3.20000   2.60000   0.00075
   3.30000   2.60000   0.00084
   3.40000   2.60000   0.00074
   3.50000   2.60000   0.00081
   3.60000   2.60000   0.00094
   3.70000   2.60000   0.00084
   3.80000   2.60000   0.00085
   3.90000   2.60000   0.00058
   4.00000   2.60000   0.00083
   4.10000   2.60000   0.00069
   4.20000   2.60000   0.00074
   4.30000   2.60000   0.00095
   4.40000   2.60000   0.00077
   4.50000   2.60000   0.00049
   4.60000   2.60000   0.00081
   4.70000   2.60000   0.00067
   4.80000   2.60000   0.00073
   4.90000   2.60000   0.00075
   3.00000   2.70000   0.00079
   3.10000   2.70000   0.00089
   3.20000   2.70000   0.00094
   3.30000   2.70000   0.00084
   3.40000   2.70000   0.00105
   3.50000   2.70000   0.00073
   3.60000   2.70000   0.00070
   3.70000   2.70000   0.00078
   3.80000   2.70000   0.00083
   3.90000   2.70000   0.00071
   4.00000   2.70000   0.00084
   4.10000   2.70000   0.00074
   4.20000   2.70000   0.00064
   4.30000   2.70000   0.00086
   4.40000   2.70000   0.00067
   4.50000   2.70000   0.00059
   4.60000   2.70000   0.00093
   4.70000   2.70000   0.00072
   4.80000   2.70000   0.00066
   4.90000   2.70000   0.00085
   3.00000   2.80000   0.00086
   3.10000   2.80000   0.00090
   3.20000   2.80000   0.00090
   3.30000   2.80000   0.00077
   3.40000   2.80000   0.00068
   3.50000   2.80000   0.00090
   3.60000   2.80000   0.00095
   3.70000   2.80000   0.00085
   3.80000   2.80000   0.00092
   3.90000   2.80000   0.00069
   4.00000   2.80000   0.00059
   4.10000   2.80000   0.00056
   4.20000   2.80000   0.00066
   4.30000   2.80000   0.00074
   4.40000   2.80000   0.00077
   4.50000   2.80000   0.00054
   4.60000   2.80000   0.00077
   4.70000   2.80000   0.00062
   4.80000   2.80000   0.00075
   4.90000   2.80000   0.00082
   3.00000   2.90000   0.00070
   3.10000   2.90000   0.00066
   3.20000   2.90000   0.00092
   3.30000   2.90000   0.00078
   3.40000   2.90000   0.00083
   3.50000   2.90000   0.00082
   3.60000   2.90000   0.00076
   3.70000   2.90000   0.00100
   3.80000   2.90000   0.00064
   3.90000   2.90000   0.00096
   4.00000   2.90000   0.00096
   4.10000   2.90000   0.00081
   4.20000   2.90000   0.00088
   4.30000   2.90000   0.00068
   4.40000   2.90000   0.00068
   4.50000   2.90000   0.00078
   4.60000   2.90000   0.00076
   4.70000   2.90000   0.00076
   4.80000   2.90000   0.00071
   4.90000   2.90000   0.00070
