   3.50000   0.00000   0.00026
   3.55000   0.00000   0.00033
   3.60000   0.00000   0.00017
   3.65000   0.00000   0.00039
   3.70000   0.00000   0.00033
   3.75000   0.00000   0.00026
   3.80000   0.00000   0.00184
   3.85000   0.00000   0.00058
   3.90000   0.00000   0.00017
   3.95000   0.00000   0.00035
   4.00000   0.00000   0.00112
   4.05000   0.00000   0.29978
   4.10000   0.00000   0.30484
   4.15000   0.00000   0.31007
   4.20000   0.00000   0.31487
   4.25000   0.00000   0.31950
   4.30000   0.00000   0.32387
   4.35000   0.00000   0.32811
   4.40000   0.00000   0.33220
   4.45000   0.00000   0.33604
   4.50000   0.00000   0.33989
   4.55000   0.00000   0.34356
   4.60000   0.00000   0.34702
   4.65000   0.00000   0.35027
   4.70000   0.00000   0.35351
   4.75000   0.00000   0.35664
   4.80000   0.00000   0.35973
   4.85000   0.00000   0.36269
   4.90000   0.00000   0.36538
   4.95000   0.00000   0.36822
   5.00000   0.00000   0.37085
   5.05000   0.00000   0.37335
   5.10000   0.00000   0.37598
   5.15000   0.00000   0.37825
   5.20000   0.00000   0.38067
   5.25000   0.00000   0.38294
   5.30000   0.00000   0.38512
   5.35000   0.00000   0.38730
   5.40000   0.00000   0.38928
   5.45000   0.00000   0.39134
   5.50000   0.00000   0.39329
   5.55000   0.00000   0.39524
   5.60000   0.00000   0.39708
   5.65000   0.00000   0.39886
   5.70000   0.00000   0.40057
   5.75000   0.00000   0.40237
   5.80000   0.00000   0.40399
   5.85000   0.00000   0.40561
   5.90000   0.00000   0.40721
   5.95000   0.00000   0.40874
   3.50000   0.05000   0.21351
   3.55000   0.05000   0.22443
   3.60000   0.05000   0.23459
   3.65000   0.05000   0.24430
   3.70000   0.05000   0.25320
   3.75000   0.05000   0.26087
   3.80000   0.05000   0.26830
   3.85000   0.05000   0.27524
   3.90000   0.05000   0.28181
   3.95000   0.05000   0.28799
   4.00000   0.05000   0.29415
   4.05000   0.05000   0.29940
   4.10000   0.05000   0.30492
   4.15000   0.05000   0.30987
   4.20000   0.05000   0.31482
   4.25000   0.05000   0.31946
   4.30000   0.05000   0.32386
   4.35000   0.05000   0.32811
   4.40000   0.05000   0.33217
   4.45000   0.05000   0.33604
   4.50000   0.05000   0.33984
   4.55000   0.05000   0.34348
   4.60000   0.05000   0.34698
   4.65000   0.05000   0.35027
   4.70000   0.05000   0.35353
   4.75000   0.05000   0.35671
   4.80000   0.05000   0.35968
   4.85000   0.05000   0.36260
   4.90000   0.05000   0.36543
   4.95000   0.05000   0.36818
   5.00000   0.05000   0.37078
   5.05000   0.05000   0.37345
   5.10000   0.05000   0.37592
   5.15000   0.05000   0.37822
   5.20000   0.05000   0.38056
   5.25000   0.05000   0.38282
   5.30000   0.05000   0.38507
   5.35000   0.05000   0.38711
   5.40000   0.05000   0.38934
   5.45000   0.05000   0.39134
   5.50000   0.05000   0.39322
   5.55000   0.05000   0.39510
   5.60000   0.05000   0.39698
   5.65000   0.05000   0.39888
   5.70000   0.05000   0.40056
   5.75000   0.05000   0.40227
   5.80000   0.05000   0.40398
   5.85000   0.05000   0.40557
   5.90000   0.05000   0.40717
   5.95000   0.05000   0.40869
   3.50000   0.10000   0.21197
   3.55000   0.10000   0.22258
   3.60000   0.10000   0.23311
   3.65000   0.10000   0.24321
   3.70000   0.10000   0.25154
   3.75000   0.10000   0.25985
   3.80000   0.10000   0.26728
   3.85000   0.10000   0.27445
   3.90000   0.10000   0.28133
   3.95000   0.10000   0.28766
   4.00000   0.10000   0.29339
   4.05000   0.10000   0.29906
   4.10000   0.10000   0.30449
   4.15000   0.10000   0.30952
   4.20000   0.10000   0.31447
   4.25000   0.10000   0.31897
   4.30000   0.10000   0.32342
   4.35000   0.10000   0.32783
   4.40000   0.10000   0.33188
   4.45000   0.10000   0.33571
   4.50000   0.10000   0.33958
   4.55000   0.10000   0.34322
   4.60000   0.10000   0.34678
   4.65000   0.10000   0.35010
   4.70000   0.10000   0.35339
   4.75000   0.10000   0.35644
   4.80000   0.10000   0.35946
   4.85000   0.10000   0.36240
   4.90000   0.10000   0.36534
   4.95000   0.10000   0.36808
   5.00000   0.10000   0.37069
   5.05000   0.10000   0.37321
   5.10000   0.10000   0.37579
   5.15000   0.10000   0.37825
   5.20000   0.10000   0.38047
   5.25000   0.10000   0.38275
   5.30000   0.10000   0.38493
   5.35000   0.10000   0.38705
   5.40000   0.10000   0.38920
   5.45000   0.10000   0.39121
   5.50000   0.10000   0.39320
   5.55000   0.10000   0.39509
   5.60000   0.10000   0.39691
   5.65000   0.10000   0.39873
   5.70000   0.10000   0.40050
   5.75000   0.10000   0.40221
   5.80000   0.10000   0.40389
   5.85000   0.10000   0.40548
   5.90000   0.10000   0.40711
   5.95000   0.10000   0.40861
   3.50000   0.15000   0.20823
   3.55000   0.15000   0.21858
   3.60000   0.15000   0.23040
   3.65000   0.15000   0.24076
   3.70000   0.15000   0.24988
   3.75000   0.15000   0.25809
   3.80000   0.15000   0.26581
   3.85000   0.15000   0.27303
   3.90000   0.15000   0.28003
   3.95000   0.15000   0.28630
   4.00000   0.15000   0.29286
   4.05000   0.15000   0.29840
   4.10000   0.15000   0.30343
   4.15000   0.15000   0.30870
   4.20000   0.15000   0.31369
   4.25000   0.15000   0.31854
   4.30000   0.15000   0.32313
   4.35000   0.15000   0.32733
   4.40000   0.15000   0.33129
   4.45000   0.15000   0.33542
   4.50000   0.15000   0.33934
   4.55000   0.15000   0.34278
   4.60000   0.15000   0.34633
   4.65000   0.15000   0.34984
   4.70000   0.15000   0.35298
   4.75000   0.15000   0.35616
   4.80000   0.15000   0.35923
   4.85000   0.15000   0.36215
   4.90000   0.15000   0.36504
   4.95000   0.15000   0.36777
   5.00000   0.15000   0.37056
   5.05000   0.15000   0.37302
   5.10000   0.15000   0.37559
   5.15000   0.15000   0.37801
   5.20000   0.15000   0.38028
   5.25000   0.15000   0.38256
   5.30000   0.15000   0.38478
   5.35000   0.15000   0.38695
   5.40000   0.15000   0.38903
   5.45000   0.15000   0.39116
   5.50000   0.15000   0.39302
   5.55000   0.15000   0.39493
   5.60000   0.15000   0.39677
   5.65000   0.15000   0.39862
   5.70000   0.15000   0.40042
   5.75000   0.15000   0.40219
   5.80000   0.15000   0.40384
   5.85000   0.15000   0.40537
   5.90000   0.15000   0.40701
   5.95000   0.15000   0.40857
   3.50000   0.20000   0.20218
   3.55000   0.20000   0.21601
   3.60000   0.20000   0.22699
   3.65000   0.20000   0.23758
   3.70000   0.20000   0.24720
   3.75000   0.20000   0.25593
   3.80000   0.20000   0.26394
   3.85000   0.20000   0.27150
   3.90000   0.20000   0.27833
   3.95000   0.20000   0.28489
   4.00000   0.20000   0.29104
   4.05000   0.20000   0.29688
   4.10000   0.20000   0.30258
   4.15000   0.20000   0.30784
   4.20000   0.20000   0.31274
   4.25000   0.20000   0.31762
   4.30000   0.20000   0.32213
   4.35000   0.20000   0.32658
   4.40000   0.20000   0.33092
   4.45000   0.20000   0.33474
   4.50000   0.20000   0.33847
   4.55000   0.20000   0.34231
   4.60000   0.20000   0.34588
   4.65000   0.20000   0.34922
   4.70000   0.20000   0.35258
   4.75000   0.20000   0.35592
   4.80000   0.20000   0.35885
   4.85000   0.20000   0.36201
   4.90000   0.20000   0.36465
   4.95000   0.20000   0.36730
   5.00000   0.20000   0.37012
   5.05000   0.20000   0.37281
   5.10000   0.20000   0.37533
   5.15000   0.20000   0.37769
   5.20000   0.20000   0.38017
   5.25000   0.20000   0.38236
   5.30000   0.20000   0.38466
   5.35000   0.20000   0.38679
   5.40000   0.20000   0.38885
   5.45000   0.20000   0.39088
   5.50000   0.20000   0.39286
   5.55000   0.20000   0.39484
   5.60000   0.20000   0.39671
   5.65000   0.20000   0.39847
   5.70000   0.20000   0.40025
   5.75000   0.20000   0.40199
   5.80000   0.20000   0.40367
   5.85000   0.20000   0.40530
   5.90000   0.20000   0.40681
   5.95000   0.20000   0.40838
   3.50000   0.25000   0.19595
   3.55000   0.25000   0.21006
   3.60000   0.25000   0.22165
   3.65000   0.25000   0.23339
   3.70000   0.25000   0.24325
   3.75000   0.25000   0.25287
   3.80000   0.25000   0.26108
   3.85000   0.25000   0.26913
   3.90000   0.25000   0.27611
   3.95000   0.25000   0.28319
   4.00000   0.25000   0.28945
   4.05000   0.25000   0.29557
   4.10000   0.25000   0.30122
   4.15000   0.25000   0.30671
   4.20000   0.25000   0.31167
   4.25000   0.25000   0.31646
   4.30000   0.25000   0.32143
   4.35000   0.25000   0.32578
   4.40000   0.25000   0.32996
   4.45000   0.25000   0.33406
   4.50000   0.25000   0.33783
   4.55000   0.25000   0.34157
   4.60000   0.25000   0.34526
   4.65000   0.25000   0.34870
   4.70000   0.25000   0.35215
   4.75000   0.25000   0.35529
   4.80000   0.25000   0.35841
   4.85000   0.25000   0.36146
   4.90000   0.25000   0.36419
   4.95000   0.25000   0.36708
   5.00000   0.25000   0.36980
   5.05000   0.25000   0.37243
   5.10000   0.25000   0.37489
   5.15000   0.25000   0.37727
   5.20000   0.25000   0.37979
   5.25000   0.25000   0.38205
   5.30000   0.25000   0.38435
   5.35000   0.25000   0.38643
   5.40000   0.25000   0.38859
   5.45000   0.25000   0.39069
   5.50000   0.25000   0.39268
   5.55000   0.25000   0.39455
   5.60000   0.25000   0.39642
   5.65000   0.25000   0.39820
   5.70000   0.25000   0.40006
   5.75000   0.25000   0.40178
   5.80000   0.25000   0.40346
   5.85000   0.25000   0.40514
   5.90000   0.25000   0.40671
   5.95000   0.25000   0.40828
   3.50000   0.30000   0.18650
   3.55000   0.30000   0.20211
   3.60000   0.30000   0.21538
   3.65000   0.30000   0.22744
   3.70000   0.30000   0.23899
   3.75000   0.30000   0.24824
   3.80000   0.30000   0.25762
   3.85000   0.30000   0.26589
   3.90000   0.30000   0.27317
   3.95000   0.30000   0.28061
   4.00000   0.30000   0.28747
   4.05000   0.30000   0.29359
   4.10000   0.30000   0.29955
   4.15000   0.30000   0.30503
   4.20000   0.30000   0.30992
   4.25000   0.30000   0.31521
   4.30000   0.30000   0.32001
   4.35000   0.30000   0.32446
   4.40000   0.30000   0.32887
   4.45000   0.30000   0.33288
   4.50000   0.30000   0.33703
   4.55000   0.30000   0.34077
   4.60000   0.30000   0.34452
   4.65000   0.30000   0.34817
   4.70000   0.30000   0.35149
   4.75000   0.30000   0.35470
   4.80000   0.30000   0.35770
   4.85000   0.30000   0.36091
   4.90000   0.30000   0.36367
   4.95000   0.30000   0.36655
   5.00000   0.30000   0.36928
   5.05000   0.30000   0.37208
   5.10000   0.30000   0.37454
   5.15000   0.30000   0.37706
   5.20000   0.30000   0.37945
   5.25000   0.30000   0.38177
   5.30000   0.30000   0.38404
   5.35000   0.30000   0.38621
   5.40000   0.30000   0.38833
   5.45000   0.30000   0.39042
   5.50000   0.30000   0.39238
   5.55000   0.30000   0.39432
   5.60000   0.30000   0.39622
   5.65000   0.30000   0.39808
   5.70000   0.30000   0.39976
   5.75000   0.30000   0.40153
   5.80000   0.30000   0.40330
   5.85000   0.30000   0.40492
   5.90000   0.30000   0.40647
   5.95000   0.30000   0.40807
   3.50000   0.35000   0.17409
   3.55000   0.35000   0.19157
   3.60000   0.35000   0.20704
   3.65000   0.35000   0.22042
   3.70000   0.35000   0.23280
   3.75000   0.35000   0.24320
   3.80000   0.35000   0.25321
   3.85000   0.35000   0.26212
   3.90000   0.35000   0.27020
   3.95000   0.35000   0.27748
   4.00000   0.35000   0.28467
   4.05000   0.35000   0.29133
   4.10000   0.35000   0.29724
   4.15000   0.35000   0.30310
   4.20000   0.35000   0.30858
   4.25000   0.35000   0.31356
   4.30000   0.35000   0.31873
   4.35000   0.35000   0.32332
   4.40000   0.35000   0.32773
   4.45000   0.35000   0.33197
   4.50000   0.35000   0.33604
   4.55000   0.35000   0.33991
   4.60000   0.35000   0.34364
   4.65000   0.35000   0.34714
   4.70000   0.35000   0.35064
   4.75000   0.35000   0.35389
   4.80000   0.35000   0.35714
   4.85000   0.35000   0.36016
   4.90000   0.35000   0.36310
   4.95000   0.35000   0.36608
   5.00000   0.35000   0.36879
   5.05000   0.35000   0.37152
   5.10000   0.35000   0.37424
   5.15000   0.35000   0.37655
   5.20000   0.35000   0.37906
   5.25000   0.35000   0.38132
   5.30000   0.35000   0.38363
   5.35000   0.35000   0.38582
   5.40000   0.35000   0.38804
   5.45000   0.35000   0.39001
   5.50000   0.35000   0.39208
   5.55000   0.35000   0.39404
   5.60000   0.35000   0.39594
   5.65000   0.35000   0.39777
   5.70000   0.35000   0.39959
   5.75000   0.35000   0.40134
   5.80000   0.35000   0.40305
   5.85000   0.35000   0.40472
   5.90000   0.35000   0.40631
   5.95000   0.35000   0.40787
   3.50000   0.40000   0.15845
   3.55000   0.40000   0.17897
   3.60000   0.40000   0.19619
   3.65000   0.40000   0.21149
   3.70000   0.40000   0.22526
   3.75000   0.40000   0.23679
   3.80000   0.40000   0.24753
   3.85000   0.40000   0.25706
   3.90000   0.40000   0.26545
   3.95000   0.40000   0.27374
   4.00000   0.40000   0.28154
   4.05000   0.40000   0.28828
   4.10000   0.40000   0.29469
   4.15000   0.40000   0.30119
   4.20000   0.40000   0.30650
   4.25000   0.40000   0.31181
   4.30000   0.40000   0.31700
   4.35000   0.40000   0.32172
   4.40000   0.40000   0.32637
   4.45000   0.40000   0.33053
   4.50000   0.40000   0.33466
   4.55000   0.40000   0.33882
   4.60000   0.40000   0.34253
   4.65000   0.40000   0.34616
   4.70000   0.40000   0.34970
   4.75000   0.40000   0.35307
   4.80000   0.40000   0.35648
   4.85000   0.40000   0.35957
   4.90000   0.40000   0.36251
   4.95000   0.40000   0.36542
   5.00000   0.40000   0.36818
   5.05000   0.40000   0.37089
   5.10000   0.40000   0.37347
   5.15000   0.40000   0.37609
   5.20000   0.40000   0.37855
   5.25000   0.40000   0.38093
   5.30000   0.40000   0.38323
   5.35000   0.40000   0.38534
   5.40000   0.40000   0.38768
   5.45000   0.40000   0.38967
   5.50000   0.40000   0.39168
   5.55000   0.40000   0.39365
   5.60000   0.40000   0.39567
   5.65000   0.40000   0.39750
   5.70000   0.40000   0.39922
   5.75000   0.40000   0.40114
   5.80000   0.40000   0.40275
   5.85000   0.40000   0.40440
   5.90000   0.40000   0.40612
   5.95000   0.40000   0.40763
   3.50000   0.45000   0.13347
   3.55000   0.45000   0.16071
   3.60000   0.45000   0.18201
   3.65000   0.45000   0.19997
   3.70000   0.45000   0.21485
   3.75000   0.45000   0.22863
   3.80000   0.45000   0.24022
   3.85000   0.45000   0.25120
   3.90000   0.45000   0.26079
   3.95000   0.45000   0.26922
   4.00000   0.45000   0.27749
   4.05000   0.45000   0.28494
   4.10000   0.45000   0.29164
   4.15000   0.45000   0.29785
   4.20000   0.45000   0.30419
   4.25000   0.45000   0.30967
   4.30000   0.45000   0.31494
   4.35000   0.45000   0.31975
   4.40000   0.45000   0.32465
   4.45000   0.45000   0.32931
   4.50000   0.45000   0.33355
   4.55000   0.45000   0.33746
   4.60000   0.45000   0.34134
   4.65000   0.45000   0.34532
   4.70000   0.45000   0.34874
   4.75000   0.45000   0.35222
   4.80000   0.45000   0.35565
   4.85000   0.45000   0.35869
   4.90000   0.45000   0.36172
   4.95000   0.45000   0.36474
   5.00000   0.45000   0.36757
   5.05000   0.45000   0.37032
   5.10000   0.45000   0.37295
   5.15000   0.45000   0.37550
   5.20000   0.45000   0.37794
   5.25000   0.45000   0.38028
   5.30000   0.45000   0.38277
   5.35000   0.45000   0.38497
   5.40000   0.45000   0.38708
   5.45000   0.45000   0.38935
   5.50000   0.45000   0.39131
   5.55000   0.45000   0.39331
   5.60000   0.45000   0.39531
   5.65000   0.45000   0.39717
   5.70000   0.45000   0.39910
   5.75000   0.45000   0.40072
   5.80000   0.45000   0.40252
   5.85000   0.45000   0.40421
   5.90000   0.45000   0.40589
   5.95000   0.45000   0.40742
   3.50000   0.50000   0.08477
   3.55000   0.50000   0.13524
   3.60000   0.50000   0.16281
   3.65000   0.50000   0.18439
   3.70000   0.50000   0.20197
   3.75000   0.50000   0.21750
   3.80000   0.50000   0.23167
   3.85000   0.50000   0.24379
   3.90000   0.50000   0.25469
   3.95000   0.50000   0.26393
   4.00000   0.50000   0.27330
   4.05000   0.50000   0.28065
   4.10000   0.50000   0.28799
   4.15000   0.50000   0.29484
   4.20000   0.50000   0.30138
   4.25000   0.50000   0.30704
   4.30000   0.50000   0.31273
   4.35000   0.50000   0.31791
   4.40000   0.50000   0.32268
   4.45000   0.50000   0.32743
   4.50000   0.50000   0.33198
   4.55000   0.50000   0.33606
   4.60000   0.50000   0.34030
   4.65000   0.50000   0.34398
   4.70000   0.50000   0.34764
   4.75000   0.50000   0.35118
   4.80000   0.50000   0.35440
   4.85000   0.50000   0.35781
   4.90000   0.50000   0.36089
   4.95000   0.50000   0.36385
   5.00000   0.50000   0.36695
   5.05000   0.50000   0.36961
   5.10000   0.50000   0.37239
   5.15000   0.50000   0.37483
   5.20000   0.50000   0.37750
   5.25000   0.50000   0.37996
   5.30000   0.50000   0.38216
   5.35000   0.50000   0.38442
   5.40000   0.50000   0.38677
   5.45000   0.50000   0.38890
   5.50000   0.50000   0.39097
   5.55000   0.50000   0.39299
   5.60000   0.50000   0.39491
   5.65000   0.50000   0.39685
   5.70000   0.50000   0.39859
   5.75000   0.50000   0.40044
   5.80000   0.50000   0.40225
   5.85000   0.50000   0.40391
   5.90000   0.50000   0.40552
   5.95000   0.50000   0.40716
   3.50000   0.55000   0.00021
   3.55000   0.55000   0.00035
   3.60000   0.55000   0.00020
   3.65000   0.55000   0.00034
   3.70000   0.55000   0.00034
   3.75000   0.55000   0.00028
   3.80000   0.55000   0.00045
   3.85000   0.55000   0.00024
   3.90000   0.55000   0.00041
   3.95000   0.55000   0.00031
   4.00000   0.55000   0.00048
   4.05000   0.55000   0.00025
   4.10000   0.55000   0.00033
   4.15000   0.55000   0.00033
   4.20000   0.55000   0.00028
   4.25000   0.55000   0.00034
   4.30000   0.55000   0.00054
   4.35000   0.55000   0.00060
   4.40000   0.55000   0.00034
   4.45000   0.55000   0.00070
   4.50000   0.55000   0.00037
   4.55000   0.55000   0.00026
   4.60000   0.55000   0.00041
   4.65000   0.55000   0.00040
   4.70000   0.55000   0.34638
   4.75000   0.55000   0.35002
   4.80000   0.55000   0.35344
   4.85000   0.55000   0.35665
   4.90000   0.55000   0.36000
   4.95000   0.55000   0.36297
   5.00000   0.55000   0.36602
   5.05000   0.55000   0.36885
   5.10000   0.55000   0.37166
   5.15000   0.55000   0.37426
   5.20000   0.55000   0.37684
   5.25000   0.55000   0.37918
   5.30000   0.55000   0.38170
   5.35000   0.55000   0.38397
   5.40000   0.55000   0.38622
   5.45000   0.55000   0.38841
   5.50000   0.55000   0.39049
   5.55000   0.55000   0.39248
   5.60000   0.55000   0.39448
   5.65000   0.55000   0.39646
   5.70000   0.55000   0.39830
   5.75000   0.55000   0.40008
   5.80000   0.55000   0.40184
   5.85000   0.55000   0.40352
   5.90000   0.55000   0.40522
   5.95000   0.55000   0.40685
   3.50000   0.60000   0.00042
   3.55000   0.60000   0.00042
   3.60000   0.60000   0.00030
   3.65000   0.60000   0.00074
   3.70000   0.60000   0.00070
   3.75000   0.60000   0.00020
   3.80000   0.60000   0.00029
   3.85000   0.60000   0.00046
   3.90000   0.60000   0.00051
   3.95000   0.60000   0.00065
   4.00000   0.60000   0.00022
   4.05000   0.60000   0.00054
   4.10000   0.60000   0.00045
   4.15000   0.60000   0.00020
   4.20000   0.60000   0.00039
   4.25000   0.60000   0.00033
   4.30000   0.60000   0.00034
   4.35000   0.60000   0.00028
   4.40000   0.60000   0.00060
   4.45000   0.60000   0.00028
   4.50000   0.60000   0.00043
   4.55000   0.60000   0.00014
   4.60000   0.60000   0.00027
   4.65000   0.60000   0.00027
   4.70000   0.60000   0.00048
   4.75000   0.60000   0.00033
   4.80000   0.60000   0.00046
   4.85000   0.60000   0.00033
   4.90000   0.60000   0.00092
   4.95000   0.60000   0.00040
   5.00000   0.60000   0.00029
   5.05000   0.60000   0.00025
   5.10000   0.60000   0.00032
   5.15000   0.60000   0.37351
   5.20000   0.60000   0.37607
   5.25000   0.60000   0.37863
   5.30000   0.60000   0.38105
   5.35000   0.60000   0.38341
   5.40000   0.60000   0.38573
   5.45000   0.60000   0.38783
   5.50000   0.60000   0.38998
   5.55000   0.60000   0.39200
   5.60000   0.60000   0.39410
   5.65000   0.60000   0.39598
   5.70000   0.60000   0.39785
   5.75000   0.60000   0.39975
   5.80000   0.60000   0.40151
   5.85000   0.60000   0.40321
   5.90000   0.60000   0.40492
   5.95000   0.60000   0.40655
   3.50000   0.65000   0.00049
   3.55000   0.65000   0.00027
   3.60000   0.65000   0.00034
   3.65000   0.65000   0.00024
   3.70000   0.65000   0.00049
   3.75000   0.65000   0.00039
   3.80000   0.65000   0.00046
   3.85000   0.65000   0.00034
   3.90000   0.65000   0.00053
   3.95000   0.65000   0.00050
   4.00000   0.65000   0.00047
   4.05000   0.65000   0.00025
   4.10000   0.65000   0.00045
   4.15000   0.65000   0.00034
   4.20000   0.65000   0.00022
   4.25000   0.65000   0.00037
   4.30000   0.65000   0.00028
   4.35000   0.65000   0.00042
   4.40000   0.65000   0.00022
   4.45000   0.65000   0.00048
   4.50000   0.65000   0.00049
   4.55000   0.65000   0.00039
   4.60000   0.65000   0.00032
   4.65000   0.65000   0.00046
   4.70000   0.65000   0.00028
   4.75000   0.65000   0.00036
   4.80000   0.65000   0.00047
   4.85000   0.65000   0.00035
   4.90000   0.65000   0.00040
   4.95000   0.65000   0.00038
   5.00000   0.65000   0.00018
   5.05000   0.65000   0.00031
   5.10000   0.65000   0.00062
   5.15000   0.65000   0.37270
   5.20000   0.65000   0.37538
   5.25000   0.65000   0.37796
   5.30000   0.65000   0.38046
   5.35000   0.65000   0.38271
   5.40000   0.65000   0.38509
   5.45000   0.65000   0.38730
   5.50000   0.65000   0.38950
   5.55000   0.65000   0.39152
   5.60000   0.65000   0.39360
   5.65000   0.65000   0.39549
   5.70000   0.65000   0.39751
   5.75000   0.65000   0.39928
   5.80000   0.65000   0.40110
   5.85000   0.65000   0.40283
   5.90000   0.65000   0.40458
   5.95000   0.65000   0.40624
   3.50000   0.70000   0.00044
   3.55000   0.70000   0.00039
   3.60000   0.70000   0.00045
   3.65000   0.70000   0.00032
   3.70000   0.70000   0.00048
   3.75000   0.70000   0.00033
   3.80000   0.70000   0.00049
   3.85000   0.70000   0.00046
   3.90000   0.70000   0.00028
   3.95000   0.70000   0.00048
   4.00000   0.70000   0.00021
   4.05000   0.70000   0.00026
   4.10000   0.70000   0.00044
   4.15000   0.70000   0.00048
   4.20000   0.70000   0.00026
   4.25000   0.70000   0.00046
   4.30000   0.70000   0.00038
   4.35000   0.70000   0.00024
   4.40000   0.70000   0.00040
   4.45000   0.70000   0.00048
   4.50000   0.70000   0.00054
   4.55000   0.70000   0.00041
   4.60000   0.70000   0.00041
   4.65000   0.70000   0.00031
   4.70000   0.70000   0.00053
   4.75000   0.70000   0.00031
   4.80000   0.70000   0.00049
   4.85000   0.70000   0.00039
   4.90000   0.70000   0.00036
   4.95000   0.70000   0.00041
   5.00000   0.70000   0.00041
   5.05000   0.70000   0.00047
   5.10000   0.70000   0.00036
   5.15000   0.70000   0.00076
   5.20000   0.70000   0.00027
   5.25000   0.70000   0.00033
   5.30000   0.70000   0.00053
   5.35000   0.70000   0.00035
   5.40000   0.70000   0.00042
   5.45000   0.70000   0.00033
   5.50000   0.70000   0.38880
   5.55000   0.70000   0.39096
   5.60000   0.70000   0.39320
   5.65000   0.70000   0.39511
   5.70000   0.70000   0.39702
   5.75000   0.70000   0.39894
   5.80000   0.70000   0.40065
   5.85000   0.70000   0.40242
   5.90000   0.70000   0.40421
   5.95000   0.70000   0.40587
   3.50000   0.75000   0.00019
   3.55000   0.75000   0.00056
   3.60000   0.75000   0.00041
   3.65000   0.75000   0.00037
   3.70000   0.75000   0.00051
   3.75000   0.75000   0.00031
   3.80000   0.75000   0.00042
   3.85000   0.75000   0.00042
   3.90000   0.75000   0.00047
   3.95000   0.75000   0.00043
   4.00000   0.75000   0.00020
   4.05000   0.75000   0.00061
   4.10000   0.75000   0.00046
   4.15000   0.75000   0.00042
   4.20000   0.75000   0.00031
   4.25000   0.75000   0.00039
   4.30000   0.75000   0.00023
   4.35000   0.75000   0.00046
   4.40000   0.75000   0.00074
   4.45000   0.75000   0.00012
   4.50000   0.75000   0.00030
   4.55000   0.75000   0.00053
   4.60000   0.75000   0.00025
   4.65000   0.75000   0.00014
   4.70000   0.75000   0.00046
   4.75000   0.75000   0.00051
   4.80000   0.75000   0.00043
   4.85000   0.75000   0.00044
   4.90000   0.75000   0.00023
   4.95000   0.75000   0.00033
   5.00000   0.75000   0.00045
   5.05000   0.75000   0.00051
   5.10000   0.75000   0.00043
   5.15000   0.75000   0.00024
   5.20000   0.75000   0.00022
   5.25000   0.75000   0.00044
   5.30000   0.75000   0.00047
   5.35000   0.75000   0.00048
   5.40000   0.75000   0.00040
   5.45000   0.75000   0.00076
   5.50000   0.75000   0.00027
   5.55000   0.75000   0.00018
   5.60000   0.75000   0.00032
   5.65000   0.75000   0.39455
   5.70000   0.75000   0.39653
   5.75000   0.75000   0.39837
   5.80000   0.75000   0.40033
   5.85000   0.75000   0.40212
   5.90000   0.75000   0.40374
   5.95000   0.75000   0.40555
   3.50000   0.80000   0.00034
   3.55000   0.80000   0.00030
   3.60000   0.80000   0.00024
   3.65000   0.80000   0.00035
   3.70000   0.80000   0.00052
   3.75000   0.80000   0.00055
   3.80000   0.80000   0.00028
   3.85000   0.80000   0.00048
   3.90000   0.80000   0.00038
   3.95000   0.80000   0.00043
   4.00000   0.80000   0.00044
   4.05000   0.80000   0.00041
   4.10000   0.80000   0.00055
   4.15000   0.80000   0.00036
   4.20000   0.80000   0.00051
   4.25000   0.80000   0.00038
   4.30000   0.80000   0.00047
   4.35000   0.80000   0.00032
   4.40000   0.80000   0.00020
   4.45000   0.80000   0.00064
   4.50000   0.80000   0.00026
   4.55000   0.80000   0.00030
   4.60000   0.80000   0.00025
   4.65000   0.80000   0.00016
   4.70000   0.80000   0.00041
   4.75000   0.80000   0.00036
   4.80000   0.80000   0.00039
   4.85000   0.80000   0.00042
   4.90000   0.80000   0.00027
   4.95000   0.80000   0.00029
   5.00000   0.80000   0.00040
   5.05000   0.80000   0.00037
   5.10000   0.80000   0.00018
   5.15000   0.80000   0.00026
   5.20000   0.80000   0.00030
   5.25000   0.80000   0.00033
   5.30000   0.80000   0.00040
   5.35000   0.80000   0.00027
   5.40000   0.80000   0.00045
   5.45000   0.80000   0.00070
   5.50000   0.80000   0.00042
   5.55000   0.80000   0.00033
   5.60000   0.80000   0.00042
   5.65000   0.80000   0.00031
   5.70000   0.80000   0.39601
   5.75000   0.80000   0.39795
   5.80000   0.80000   0.39980
   5.85000   0.80000   0.40154
   5.90000   0.80000   0.40338
   5.95000   0.80000   0.40507
   3.50000   0.85000   0.00041
   3.55000   0.85000   0.00052
   3.60000   0.85000   0.00052
   3.65000   0.85000   0.00050
   3.70000   0.85000   0.00040
   3.75000   0.85000   0.00029
   3.80000   0.85000   0.00033
   3.85000   0.85000   0.00041
   3.90000   0.85000   0.00047
   3.95000   0.85000   0.00044
   4.00000   0.85000   0.00027
   4.05000   0.85000   0.00047
   4.10000   0.85000   0.00045
   4.15000   0.85000   0.00039
   4.20000   0.85000   0.00051
   4.25000   0.85000   0.00043
   4.30000   0.85000   0.00029
   4.35000   0.85000   0.00025
   4.40000   0.85000   0.00035
   4.45000   0.85000   0.00027
   4.50000   0.85000   0.00058
   4.55000   0.85000   0.00030
   4.60000   0.85000   0.00039
   4.65000   0.85000   0.00040
   4.70000   0.85000   0.00039
   4.75000   0.85000   0.00040
   4.80000   0.85000   0.00020
   4.85000   0.85000   0.00043
   4.90000   0.85000   0.00055
   4.95000   0.85000   0.00045
   5.00000   0.85000   0.00056
   5.05000   0.85000   0.00036
   5.10000   0.85000   0.00037
   5.15000   0.85000   0.00072
   5.20000   0.85000   0.00038
   5.25000   0.85000   0.00035
   5.30000   0.85000   0.00036
   5.35000   0.85000   0.00055
   5.40000   0.85000   0.00045
   5.45000   0.85000   0.00039
   5.50000   0.85000   0.00049
   5.55000   0.85000   0.00033
   5.60000   0.85000   0.00032
   5.65000   0.85000   0.00046
   5.70000   0.85000   0.00028
   5.75000   0.85000   0.39744
   5.80000   0.85000   0.39937
   5.85000   0.85000   0.40112
   5.90000   0.85000   0.40290
   5.95000   0.85000   0.40466
   3.50000   0.90000   0.00040
   3.55000   0.90000   0.00063
   3.60000   0.90000   0.00040
   3.65000   0.90000   0.00029
   3.70000   0.90000   0.00026
   3.75000   0.90000   0.00054
   3.80000   0.90000   0.00047
   3.85000   0.90000   0.00044
   3.90000   0.90000   0.00056
   3.95000   0.90000   0.00040
   4.00000   0.90000   0.00075
   4.05000   0.90000   0.00051
   4.10000   0.90000   0.00029
   4.15000   0.90000   0.00050
   4.20000   0.90000   0.00041
   4.25000   0.90000   0.00047
   4.30000   0.90000   0.00037
   4.35000   0.90000   0.00041
   4.40000   0.90000   0.00044
   4.45000   0.90000   0.00012
   4.50000   0.90000   0.00049
   4.55000   0.90000   0.00038
   4.60000   0.90000   0.00052
   4.65000   0.90000   0.00044
   4.70000   0.90000   0.00070
   4.75000   0.90000   0.00051
   4.80000   0.90000   0.00020
   4.85000   0.90000   0.00039
   4.90000   0.90000   0.00050
   4.95000   0.90000   0.00028
   5.00000   0.90000   0.00053
   5.05000   0.90000   0.00045
   5.10000   0.90000   0.00041
   5.15000   0.90000   0.00039
   5.20000   0.90000   0.00023
   5.25000   0.90000   0.00046
   5.30000   0.90000   0.00089
   5.35000   0.90000   0.00066
   5.40000   0.90000   0.00042
   5.45000   0.90000   0.00038
   5.50000   0.90000   0.00045
   5.55000   0.90000   0.00042
   5.60000   0.90000   0.00031
   5.65000   0.90000   0.00044
   5.70000   0.90000   0.00039
   5.75000   0.90000   0.00041
   5.80000   0.90000   0.00038
   5.85000   0.90000   0.00125
   5.90000   0.90000   0.00033
   5.95000   0.90000   0.40427
   3.50000   0.95000   0.00054
   3.55000   0.95000   0.00061
   3.60000   0.95000   0.00052
   3.65000   0.95000   0.00053
   3.70000   0.95000   0.00050
   3.75000   0.95000   0.00050
   3.80000   0.95000   0.00053
   3.85000   0.95000   0.00044
   3.90000   0.95000   0.00032
   3.95000   0.95000   0.00046
   4.00000   0.95000   0.00038
   4.05000   0.95000   0.00052
   4.10000   0.95000   0.00050
   4.15000   0.95000   0.00036
   4.20000   0.95000   0.00061
   4.25000   0.95000   0.00036
   4.30000   0.95000   0.00051
   4.35000   0.95000   0.00045
   4.40000   0.95000   0.00045
   4.45000   0.95000   0.00058
   4.50000   0.95000   0.00036
   4.55000   0.95000   0.00038
   4.60000   0.95000   0.00027
   4.65000   0.95000   0.00045
   4.70000   0.95000   0.00038
   4.75000   0.95000   0.00032
   4.80000   0.95000   0.00048
   4.85000   0.95000   0.00042
   4.90000   0.95000   0.00065
   4.95000   0.95000   0.00039
   5.00000   0.95000   0.00021
   5.05000   0.95000   0.00036
   5.10000   0.95000   0.00044
   5.15000   0.95000   0.00039
   5.20000   0.95000   0.00028
   5.25000   0.95000   0.00043
   5.30000   0.95000   0.00026
   5.35000   0.95000   0.00028
   5.40000   0.95000   0.00052
   5.45000   0.95000   0.00026
   5.50000   0.95000   0.00047
   5.55000   0.95000   0.00042
   5.60000   0.95000   0.00040
   5.65000   0.95000   0.00048
   5.70000   0.95000   0.00050
   5.75000   0.95000   0.00031
   5.80000   0.95000   0.00038
   5.85000   0.95000   0.00048
   5.90000   0.95000   0.00032
   5.95000   0.95000   0.00084
   3.50000   1.00000   0.00027
   3.55000   1.00000   0.00054
   3.60000   1.00000   0.00057
   3.65000   1.00000   0.00060
   3.70000   1.00000   0.00027
   3.75000   1.00000   0.00042
   3.80000   1.00000   0.00039
   3.85000   1.00000   0.00035
   3.90000   1.00000   0.00019
   3.95000   1.00000   0.00034
   4.00000   1.00000   0.00038
   4.05000   1.00000   0.00059
   4.10000   1.00000   0.00050
   4.15000   1.00000   0.00038
   4.20000   1.00000   0.00051
   4.25000   1.00000   0.00035
   4.30000   1.00000   0.00059
   4.35000   1.00000   0.00048
   4.40000   1.00000   0.00036
   4.45000   1.00000   0.00035
   4.50000   1.00000   0.00042
   4.55000   1.00000   0.00026
   4.60000   1.00000   0.00066
   4.65000   1.00000   0.00040
   4.70000   1.00000   0.00021
   4.75000   1.00000   0.00060
   4.80000   1.00000   0.00030
   4.85000   1.00000   0.00046
   4.90000   1.00000   0.00053
   4.95000   1.00000   0.00040
   5.00000   1.00000   0.00028
   5.05000   1.00000   0.00040
   5.10000   1.00000   0.00027
   5.15000   1.00000   0.00039
   5.20000   1.00000   0.00035
   5.25000   1.00000   0.00046
   5.30000   1.00000   0.00030
   5.35000   1.00000   0.00040
   5.40000   1.00000   0.00116
   5.45000   1.00000   0.00046
   5.50000   1.00000   0.00039
   5.55000   1.00000   0.00052
   5.60000   1.00000   0.00042
   5.65000   1.00000   0.00048
   5.70000   1.00000   0.00062
   5.75000   1.00000   0.00045
   5.80000   1.00000   0.00046
   5.85000   1.00000   0.00057
   5.90000   1.00000   0.00022
   5.95000   1.00000   0.00042
   3.50000   1.05000   0.00044
   3.55000   1.05000   0.00067
   3.60000   1.05000   0.00058
   3.65000   1.05000   0.00053
   3.70000   1.05000   0.00053
   3.75000   1.05000   0.00062
   3.80000   1.05000   0.00067
   3.85000   1.05000   0.00045
   3.90000   1.05000   0.00054
   3.95000   1.05000   0.00068
   4.00000   1.05000   0.00041
   4.05000   1.05000   0.00046
   4.10000   1.05000   0.00055
   4.15000   1.05000   0.00056
   4.20000   1.05000   0.00033
   4.25000   1.05000   0.00054
   4.30000   1.05000   0.00057
   4.35000   1.05000   0.00049
   4.40000   1.05000   0.00045
   4.45000   1.05000   0.00074
   4.50000   1.05000   0.00047
   4.55000   1.05000   0.00041
   4.60000   1.05000   0.00053
   4.65000   1.05000   0.00038
   4.70000   1.05000   0.00044
   4.75000   1.05000   0.00055
   4.80000   1.05000   0.00044
   4.85000   1.05000   0.00052
   4.90000   1.05000   0.00042
   4.95000   1.05000   0.00049
   5.00000   1.05000   0.00057
   5.05000   1.05000   0.00038
   5.10000   1.05000   0.00051
   5.15000   1.05000   0.00043
   5.20000   1.05000   0.00052
   5.25000   1.05000   0.00049
   5.30000   1.05000   0.00044
   5.35000   1.05000   0.00058
   5.40000   1.05000   0.00045
   5.45000   1.05000   0.00032
   5.50000   1.05000   0.00045
   5.55000   1.05000   0.00045
   5.60000   1.05000   0.00029
   5.65000   1.05000   0.00055
   5.70000   1.05000   0.00051
   5.75000   1.05000   0.00055
   5.80000   1.05000   0.00028
   5.85000   1.05000   0.00041
   5.90000   1.05000   0.00036
   5.95000   1.05000   0.00028
   3.50000   1.10000   0.00081
   3.55000   1.10000   0.00053
   3.60000   1.10000   0.00071
   3.65000   1.10000   0.00044
   3.70000   1.10000   0.00062
   3.75000   1.10000   0.00041
   3.80000   1.10000   0.00029
   3.85000   1.10000   0.00061
   3.90000   1.10000   0.00049
   3.95000   1.10000   0.00031
   4.00000   1.10000   0.00062
   4.05000   1.10000   0.00048
   4.10000   1.10000   0.00063
   4.15000   1.10000   0.00037
   4.20000   1.10000   0.00047
   4.25000   1.10000   0.00067
   4.30000   1.10000   0.00051
   4.35000   1.10000   0.00055
   4.40000   1.10000   0.00045
   4.45000   1.10000   0.00054
   4.50000   1.10000   0.00045
   4.55000   1.10000   0.00029
   4.60000   1.10000   0.00068
   4.65000   1.10000   0.00047
   4.70000   1.10000   0.00043
   4.75000   1.10000   0.00057
   4.80000   1.10000   0.00036
   4.85000   1.10000   0.00053
   4.90000   1.10000   0.00049
   4.95000   1.10000   0.00050
   5.00000   1.10000   0.00070
   5.05000   1.10000   0.00054
   5.10000   1.10000   0.00049
   5.15000   1.10000   0.00035
   5.20000   1.10000   0.00047
   5.25000   1.10000   0.00081
   5.30000   1.10000   0.00066
   5.35000   1.10000   0.00049
   5.40000   1.10000   0.00056
   5.45000   1.10000   0.00050
   5.50000   1.10000   0.00061
   5.55000   1.10000   0.00052
   5.60000   1.10000   0.00037
   5.65000   1.10000   0.00035
   5.70000   1.10000   0.00031
   5.75000   1.10000   0.00038
   5.80000   1.10000   0.00048
   5.85000   1.10000   0.00043
   5.90000   1.10000   0.00039
   5.95000   1.10000   0.00046
   3.50000   1.15000   0.00051
   3.55000   1.15000   0.00064
   3.60000   1.15000   0.00058
   3.65000   1.15000   0.00045
   3.70000   1.15000   0.00050
   3.75000   1.15000   0.00063
   3.80000   1.15000   0.00048
   3.85000   1.15000   0.00051
   3.90000   1.15000   0.00062
   3.95000   1.15000   0.00058
   4.00000   1.15000   0.00057
   4.05000   1.15000   0.00087
   4.10000   1.15000   0.00057
   4.15000   1.15000   0.00058
   4.20000   1.15000   0.00065
   4.25000   1.15000   0.00066
   4.30000   1.15000   0.00061
   4.35000   1.15000   0.00055
   4.40000   1.15000   0.00045
   4.45000   1.15000   0.00050
   4.50000   1.15000   0.00042
   4.55000   1.15000   0.00056
   4.60000   1.15000   0.00046
   4.65000   1.15000   0.00048
   4.70000   1.15000   0.00048
   4.75000   1.15000   0.00051
   4.80000   1.15000   0.00048
   4.85000   1.15000   0.00049
   4.90000   1.15000   0.00049
   4.95000   1.15000   0.00073
   5.00000   1.15000   0.00055
   5.05000   1.15000   0.00057
   5.10000   1.15000   0.00045
   5.15000   1.15000   0.00047
   5.20000   1.15000   0.00053
   5.25000   1.15000   0.00067
   5.30000   1.15000   0.00039
   5.35000   1.15000   0.00043
   5.40000   1.15000   0.00056
   5.45000   1.15000   0.00034
   5.50000   1.15000   0.00044
   5.55000   1.15000   0.00049
   5.60000   1.15000   0.00045
   5.65000   1.15000   0.00059
   5.70000   1.15000   0.00057
   5.75000   1.15000   0.00026
   5.80000   1.15000   0.00031
   5.85000   1.15000   0.00044
   5.90000   1.15000   0.00038
   5.95000   1.15000   0.00028
   3.50000   1.20000   0.00049
   3.55000   1.20000   0.00051
   3.60000   1.20000   0.00053
   3.65000   1.20000   0.00070
   3.70000   1.20000   0.00052
   3.75000   1.20000   0.00068
   3.80000   1.20000   0.00033
   3.85000   1.20000   0.00061
   3.90000   1.20000   0.00046
   3.95000   1.20000   0.00057
   4.00000   1.20000   0.00044
   4.05000   1.20000   0.00062
   4.10000   1.20000   0.00048
   4.15000   1.20000   0.00060
   4.20000   1.20000   0.00074
   4.25000   1.20000   0.00057
   4.30000   1.20000   0.00060
   4.35000   1.20000   0.00051
   4.40000   1.20000   0.00041
   4.45000   1.20000   0.00060
   4.50000   1.20000   0.00053
   4.55000   1.20000   0.00043
   4.60000   1.20000   0.00047
   4.65000   1.20000   0.00053
   4.70000   1.20000   0.00061
   4.75000   1.20000   0.00062
   4.80000   1.20000   0.00058
   4.85000   1.20000   0.00058
   4.90000   1.20000   0.00038
   4.95000   1.20000   0.00042
   5.00000   1.20000   0.00062
   5.05000   1.20000   0.00057
   5.10000   1.20000   0.00049
   5.15000   1.20000   0.00039
   5.20000   1.20000   0.00065
   5.25000   1.20000   0.00044
   5.30000   1.20000   0.00042
   5.35000   1.20000   0.00055
   5.40000   1.20000   0.00051
   5.45000   1.20000   0.00056
   5.50000   1.20000   0.00076
   5.55000   1.20000   0.00057
   5.60000   1.20000   0.00045
   5.65000   1.20000   0.00053
   5.70000   1.20000   0.00053
   5.75000   1.20000   0.00047
   5.80000   1.20000   0.00052
   5.85000   1.20000   0.00053
   5.90000   1.20000   0.00054
   5.95000   1.20000   0.00047
   3.50000   1.25000   0.00048
   3.55000   1.25000   0.00045
   3.60000   1.25000   0.00049
   3.65000   1.25000   0.00061
   3.70000   1.25000   0.00072
   3.75000   1.25000   0.00041
   3.80000   1.25000   0.00067
   3.85000   1.25000   0.00042
   3.90000   1.25000   0.00067
   3.95000   1.25000   0.00058
   4.00000   1.25000   0.00048
   4.05000   1.25000   0.00059
   4.10000   1.25000   0.00068
   4.15000   1.25000   0.00055
   4.20000   1.25000   0.00056
   4.25000   1.25000   0.00043
   4.30000   1.25000   0.00058
   4.35000   1.25000   0.00043
   4.40000   1.25000   0.00061
   4.45000   1.25000   0.00052
   4.50000   1.25000   0.00052
   4.55000   1.25000   0.00063
   4.60000   1.25000   0.00064
   4.65000   1.25000   0.00034
   4.70000   1.25000   0.00058
   4.75000   1.25000   0.00058
   4.80000   1.25000   0.00046
   4.85000   1.25000   0.00038
   4.90000   1.25000   0.00057
   4.95000   1.25000   0.00049
   5.00000   1.25000   0.00032
   5.05000   1.25000   0.00044
   5.10000   1.25000   0.00062
   5.15000   1.25000   0.00061
   5.20000   1.25000   0.00053
   5.25000   1.25000   0.00049
   5.30000   1.25000   0.00051
   5.35000   1.25000   0.00076
   5.40000   1.25000   0.00053
   5.45000   1.25000   0.00040
   5.50000   1.25000   0.00060
   5.55000   1.25000   0.00038
   5.60000   1.25000   0.00056
   5.65000   1.25000   0.00043
   5.70000   1.25000   0.00054
   5.75000   1.25000   0.00042
   5.80000   1.25000   0.00032
   5.85000   1.25000   0.00041
   5.90000   1.25000   0.00044
   5.95000   1.25000   0.00059
   3.50000   1.30000   0.00068
   3.55000   1.30000   0.00075
   3.60000   1.30000   0.00075
   3.65000   1.30000   0.00060
   3.70000   1.30000   0.00072
   3.75000   1.30000   0.00055
   3.80000   1.30000   0.00064
   3.85000   1.30000   0.00047
   3.90000   1.30000   0.00055
   3.95000   1.30000   0.00065
   4.00000   1.30000   0.00066
   4.05000   1.30000   0.00066
   4.10000   1.30000   0.00036
   4.15000   1.30000   0.00047
   4.20000   1.30000   0.00063
   4.25000   1.30000   0.00054
   4.30000   1.30000   0.00064
   4.35000   1.30000   0.00063
   4.40000   1.30000   0.00075
   4.45000   1.30000   0.00064
   4.50000   1.30000   0.00051
   4.55000   1.30000   0.00044
   4.60000   1.30000   0.00048
   4.65000   1.30000   0.00068
   4.70000   1.30000   0.00062
   4.75000   1.30000   0.00056
   4.80000   1.30000   0.00060
   4.85000   1.30000   0.00058
   4.90000   1.30000   0.00060
   4.95000   1.30000   0.00050
   5.00000   1.30000   0.00042
   5.05000   1.30000   0.00062
   5.10000   1.30000   0.00051
   5.15000   1.30000   0.00045
   5.20000   1.30000   0.00070
   5.25000   1.30000   0.00052
   5.30000   1.30000   0.00056
   5.35000   1.30000   0.00041
   5.40000   1.30000   0.00045
   5.45000   1.30000   0.00058
   5.50000   1.30000   0.00047
   5.55000   1.30000   0.00046
   5.60000   1.30000   0.00036
   5.65000   1.30000   0.00047
   5.70000   1.30000   0.00046
   5.75000   1.30000   0.00059
   5.80000   1.30000   0.00052
   5.85000   1.30000   0.00060
   5.90000   1.30000   0.00043
   5.95000   1.30000   0.00052
   3.50000   1.35000   0.00073
   3.55000   1.35000   0.00050
   3.60000   1.35000   0.00064
   3.65000   1.35000   0.00063
   3.70000   1.35000   0.00063
   3.75000   1.35000   0.00085
   3.80000   1.35000   0.00086
   3.85000   1.35000   0.00073
   3.90000   1.35000   0.00051
   3.95000   1.35000   0.00051
   4.00000   1.35000   0.00057
   4.05000   1.35000   0.00075
   4.10000   1.35000   0.00047
   4.15000   1.35000   0.00074
   4.20000   1.35000   0.00058
   4.25000   1.35000   0.00062
   4.30000   1.35000   0.00065
   4.35000   1.35000   0.00064
   4.40000   1.35000   0.00060
   4.45000   1.35000   0.00060
   4.50000   1.35000   0.00069
   4.55000   1.35000   0.00047
   4.60000   1.35000   0.00059
   4.65000   1.35000   0.00064
   4.70000   1.35000   0.00055
   4.75000   1.35000   0.00053
   4.80000   1.35000   0.00049
   4.85000   1.35000   0.00051
   4.90000   1.35000   0.00060
   4.95000   1.35000   0.00059
   5.00000   1.35000   0.00057
   5.05000   1.35000   0.00061
   5.10000   1.35000   0.00036
   5.15000   1.35000   0.00057
   5.20000   1.35000   0.00050
   5.25000   1.35000   0.00069
   5.30000   1.35000   0.00060
   5.35000   1.35000   0.00062
   5.40000   1.35000   0.00054
   5.45000   1.35000   0.00055
   5.50000   1.35000   0.00064
   5.55000   1.35000   0.00062
   5.60000   1.35000   0.00035
   5.65000   1.35000   0.00051
   5.70000   1.35000   0.00033
   5.75000   1.35000   0.00049
   5.80000   1.35000   0.00050
   5.85000   1.35000   0.00045
   5.90000   1.35000   0.00051
   5.95000   1.35000   0.00055
   3.50000   1.40000   0.00055
   3.55000   1.40000   0.00068
   3.60000   1.40000   0.00074
   3.65000   1.40000   0.00071
   3.70000   1.40000   0.00081
   3.75000   1.40000   0.00063
   3.80000   1.40000   0.00083
   3.85000   1.40000   0.00063
   3.90000   1.40000   0.00058
   3.95000   1.40000   0.00073
   4.00000   1.40000   0.00082
   4.05000   1.40000   0.00073
   4.10000   1.40000   0.00064
   4.15000   1.40000   0.00086
   4.20000   1.40000   0.00070
   4.25000   1.40000   0.00064
   4.30000   1.40000   0.00047
   4.35000   1.40000   0.00048
   4.40000   1.40000   0.00035
   4.45000   1.40000   0.00056
   4.50000   1.40000   0.00055
   4.55000   1.40000   0.00060
   4.60000   1.40000   0.00029
   4.65000   1.40000   0.00053
   4.70000   1.40000   0.00053
   4.75000   1.40000   0.00048
   4.80000   1.40000   0.00069
   4.85000   1.40000   0.00066
   4.90000   1.40000   0.00060
   4.95000   1.40000   0.00072
   5.00000   1.40000   0.00067
   5.05000   1.40000   0.00070
   5.10000   1.40000   0.00041
   5.15000   1.40000   0.00056
   5.20000   1.40000   0.00058
   5.25000   1.40000   0.00054
   5.30000   1.40000   0.00045
   5.35000   1.40000   0.00047
   5.40000   1.40000   0.00060
   5.45000   1.40000   0.00043
   5.50000   1.40000   0.00054
   5.55000   1.40000   0.00055
   5.60000   1.40000   0.00075
   5.65000   1.40000   0.00059
   5.70000   1.40000   0.00060
   5.75000   1.40000   0.00060
   5.80000   1.40000   0.00040
   5.85000   1.40000   0.00047
   5.90000   1.40000   0.00048
   5.95000   1.40000   0.00062
   3.50000   1.45000   0.00057
   3.55000   1.45000   0.00045
   3.60000   1.45000   0.00077
   3.65000   1.45000   0.00066
   3.70000   1.45000   0.00058
   3.75000   1.45000   0.00047
   3.80000   1.45000   0.00065
   3.85000   1.45000   0.00065
   3.90000   1.45000   0.00064
   3.95000   1.45000   0.00087
   4.00000   1.45000   0.00072
   4.05000   1.45000   0.00077
   4.10000   1.45000   0.00059
   4.15000   1.45000   0.00056
   4.20000   1.45000   0.00084
   4.25000   1.45000   0.00071
   4.30000   1.45000   0.00060
   4.35000   1.45000   0.00071
   4.40000   1.45000   0.00053
   4.45000   1.45000   0.00058
   4.50000   1.45000   0.00072
   4.55000   1.45000   0.00072
   4.60000   1.45000   0.00072
   4.65000   1.45000   0.00068
   4.70000   1.45000   0.00047
   4.75000   1.45000   0.00059
   4.80000   1.45000   0.00061
   4.85000   1.45000   0.00051
   4.90000   1.45000   0.00054
   4.95000   1.45000   0.00065
   5.00000   1.45000   0.00052
   5.05000   1.45000   0.00066
   5.10000   1.45000   0.00066
   5.15000   1.45000   0.00060
   5.20000   1.45000   0.00064
   5.25000   1.45000   0.00077
   5.30000   1.45000   0.00049
   5.35000   1.45000   0.00065
   5.40000   1.45000   0.00046
   5.45000   1.45000   0.00059
   5.50000   1.45000   0.00055
   5.55000   1.45000   0.00052
   5.60000   1.45000   0.00070
   5.65000   1.45000   0.00055
   5.70000   1.45000   0.00051
   5.75000   1.45000   0.00041
   5.80000   1.45000   0.00051
   5.85000   1.45000   0.00057
   5.90000   1.45000   0.00044
   5.95000   1.45000   0.00058
