   0.00000   3.00000   0.00036
   0.00000   3.10000   0.00036
   0.00000   3.20000   0.00033
   0.00000   3.30000   0.00033
   0.00000   3.40000   0.00033
   0.00000   3.50000   0.00033
   0.00000   3.60000   0.00043
   0.00000   3.70000   0.00019
   0.00000   3.80000   0.00060
   0.00000   3.90000   0.00060
   0.00000   4.00000   0.00021
   0.00000   4.10000   0.00021
   0.00000   4.20000   0.00029
   0.00000   4.30000   0.00069
   0.00000   4.40000   0.00069
   0.00000   4.50000   0.00056
   0.00000   4.60000   0.00056
   0.00000   4.70000   0.00042
   0.00000   4.80000   0.00053
   0.00000   4.90000   0.00053
   0.00000   5.00000   0.00053
   0.00000   5.10000   0.00053
   0.00000   5.20000   0.00053
   0.00000   5.30000   0.00053
   0.00000   5.40000   0.00027
   0.00000   5.50000   0.00027
   0.00000   5.60000   0.00027
   0.00000   5.70000   0.00039
   0.00000   5.80000   0.40385
   0.00000   5.90000   0.40703
   0.00000   6.00000   0.41012
   0.10000   3.00000   0.00015
   0.10000   3.10000   0.00050
   0.10000   3.20000   0.00050
   0.10000   3.30000   0.00014
   0.10000   3.40000   0.00037
   0.10000   3.50000   0.00037
   0.10000   3.60000   0.00047
   0.10000   3.70000   0.00064
   0.10000   3.80000   0.00048
   0.10000   3.90000   0.00049
   0.10000   4.00000   0.00064
   0.10000   4.10000   0.00023
   0.10000   4.20000   0.00023
   0.10000   4.30000   0.32337
   0.10000   4.40000   0.33170
   0.10000   4.50000   0.33957
   0.10000   4.60000   0.34672
   0.10000   4.70000   0.35347
   0.10000   4.80000   0.35956
   0.10000   4.90000   0.36505
   0.10000   5.00000   0.37062
   0.10000   5.10000   0.37577
   0.10000   5.20000   0.38040
   0.10000   5.30000   0.38491
   0.10000   5.40000   0.38905
   0.10000   5.50000   0.39301
   0.10000   5.60000   0.39697
   0.10000   5.70000   0.40046
   0.10000   5.80000   0.40377
   0.10000   5.90000   0.40713
   0.10000   6.00000   0.41012
   0.20000   3.00000   0.00209
   0.20000   3.10000   0.00042
   0.20000   3.20000   0.00042
   0.20000   3.30000   0.00028
   0.20000   3.40000   0.00032
   0.20000   3.50000   0.00032
   0.20000   3.60000   0.00032
   0.20000   3.70000   0.00044
   0.20000   3.80000   0.00026
   0.20000   3.90000   0.00026
   0.20000   4.00000   0.00026
   0.20000   4.10000   0.00032
   0.20000   4.20000   0.00032
   0.20000   4.30000   0.00120
   0.20000   4.40000   0.00071
   0.20000   4.50000   0.00126
   0.20000   4.60000   0.34588
   0.20000   4.70000   0.35242
   0.20000   4.80000   0.35861
   0.20000   4.90000   0.36455
   0.20000   5.00000   0.37015
   0.20000   5.10000   0.37530
   0.20000   5.20000   0.38001
   0.20000   5.30000   0.38451
   0.20000   5.40000   0.38878
   0.20000   5.50000   0.39263
   0.20000   5.60000   0.39662
   0.20000   5.70000   0.40026
   0.20000   5.80000   0.40355
   0.20000   5.90000   0.40684
   0.20000   6.00000   0.40996
   0.30000   3.00000   0.00028
   0.30000   3.10000   0.00057
   0.30000   3.20000   0.00038
   0.30000   3.30000   0.00007
   0.30000   3.40000   0.00033
   0.30000   3.50000   0.00033
   0.30000   3.60000   0.00050
   0.30000   3.70000   0.00029
   0.30000   3.80000   0.00028
   0.30000   3.90000   0.00028
   0.30000   4.00000   0.00028
   0.30000   4.10000   0.00026
   0.30000   4.20000   0.00078
   0.30000   4.30000   0.00031
   0.30000   4.40000   0.00031
   0.30000   4.50000   0.00112
   0.30000   4.60000   0.00020
   0.30000   4.70000   0.00020
   0.30000   4.80000   0.00020
   0.30000   4.90000   0.00045
   0.30000   5.00000   0.00065
   0.30000   5.10000   0.00013
   0.30000   5.20000   0.00035
   0.30000   5.30000   0.00035
   0.30000   5.40000   0.00062
   0.30000   5.50000   0.00062
   0.30000   5.60000   0.00039
   0.30000   5.70000   0.00039
   0.30000   5.80000   0.00085
   0.30000   5.90000   0.40649
   0.30000   6.00000   0.40950
   0.40000   3.00000   0.00039
   0.40000   3.10000   0.00039
   0.40000   3.20000   0.00039
   0.40000   3.30000   0.00027
   0.40000   3.40000   0.00018
   0.40000   3.50000   0.00039
   0.40000   3.60000   0.00039
   0.40000   3.70000   0.00039
   0.40000   3.80000   0.00039
   0.40000   3.90000   0.00039
   0.40000   4.00000   0.00039
   0.40000   4.10000   0.00027
   0.40000   4.20000   0.00078
   0.40000   4.30000   0.00032
   0.40000   4.40000   0.00027
   0.40000   4.50000   0.00027
   0.40000   4.60000   0.00027
   0.40000   4.70000   0.00027
   0.40000   4.80000   0.00027
   0.40000   4.90000   0.00027
   0.40000   5.00000   0.36819
   0.40000   5.10000   0.37349
   0.40000   5.20000   0.37849
   0.40000   5.30000   0.38314
   0.40000   5.40000   0.38751
   0.40000   5.50000   0.39158
   0.40000   5.60000   0.39555
   0.40000   5.70000   0.39926
   0.40000   5.80000   0.40272
   0.40000   5.90000   0.40602
   0.40000   6.00000   0.40915
   0.50000   3.00000   0.00029
   0.50000   3.10000   0.00029
   0.50000   3.20000   0.00029
   0.50000   3.30000   0.00029
   0.50000   3.40000   0.00040
   0.50000   3.50000   0.00017
   0.50000   3.60000   0.00011
   0.50000   3.70000   0.00049
   0.50000   3.80000   0.00015
   0.50000   3.90000   0.00055
   0.50000   4.00000   0.00022
   0.50000   4.10000   0.00022
   0.50000   4.20000   0.00012
   0.50000   4.30000   0.00029
   0.50000   4.40000   0.00042
   0.50000   4.50000   0.00042
   0.50000   4.60000   0.00042
   0.50000   4.70000   0.00024
   0.50000   4.80000   0.00024
   0.50000   4.90000   0.00024
   0.50000   5.00000   0.00062
   0.50000   5.10000   0.00062
   0.50000   5.20000   0.00079
   0.50000   5.30000   0.00029
   0.50000   5.40000   0.00029
   0.50000   5.50000   0.00029
   0.50000   5.60000   0.00078
   0.50000   5.70000   0.00028
   0.50000   5.80000   0.00028
   0.50000   5.90000   0.00046
   0.50000   6.00000   0.00097
   0.60000   3.00000   0.00043
   0.60000   3.10000   0.00041
   0.60000   3.20000   0.00052
   0.60000   3.30000   0.00022
   0.60000   3.40000   0.00046
   0.60000   3.50000   0.00046
   0.60000   3.60000   0.00046
   0.60000   3.70000   0.00046
   0.60000   3.80000   0.00046
   0.60000   3.90000   0.00036
   0.60000   4.00000   0.00042
   0.60000   4.10000   0.00042
   0.60000   4.20000   0.00042
   0.60000   4.30000   0.00021
   0.60000   4.40000   0.00037
   0.60000   4.50000   0.00022
   0.60000   4.60000   0.00048
   0.60000   4.70000   0.00029
   0.60000   4.80000   0.00029
   0.60000   4.90000   0.00036
   0.60000   5.00000   0.00040
   0.60000   5.10000   0.00056
   0.60000   5.20000   0.00042
   0.60000   5.30000   0.00074
   0.60000   5.40000   0.00037
   0.60000   5.50000   0.00037
   0.60000   5.60000   0.00038
   0.60000   5.70000   0.00038
   0.60000   5.80000   0.00021
   0.60000   5.90000   0.00082
   0.60000   6.00000   0.40807
   0.70000   3.00000   0.00065
   0.70000   3.10000   0.00038
   0.70000   3.20000   0.00038
   0.70000   3.30000   0.00038
   0.70000   3.40000   0.00056
   0.70000   3.50000   0.00039
   0.70000   3.60000   0.00027
   0.70000   3.70000   0.00046
   0.70000   3.80000   0.00033
   0.70000   3.90000   0.00046
   0.70000   4.00000   0.00043
   0.70000   4.10000   0.00051
   0.70000   4.20000   0.00051
   0.70000   4.30000   0.00064
   0.70000   4.40000   0.00015
   0.70000   4.50000   0.00040
   0.70000   4.60000   0.00021
   0.70000   4.70000   0.00056
   0.70000   4.80000   0.00062
   0.70000   4.90000   0.00046
   0.70000   5.00000   0.00054
   0.70000   5.10000   0.00041
   0.70000   5.20000   0.00093
   0.70000   5.30000   0.00061
   0.70000   5.40000   0.00033
   0.70000   5.50000   0.00033
   0.70000   5.60000   0.00067
   0.70000   5.70000   0.00025
   0.70000   5.80000   0.00019
   0.70000   5.90000   0.00070
   0.70000   6.00000   0.00101
   0.80000   3.00000   0.00040
   0.80000   3.10000   0.00040
   0.80000   3.20000   0.00040
   0.80000   3.30000   0.00055
   0.80000   3.40000   0.00051
   0.80000   3.50000   0.00054
   0.80000   3.60000   0.00054
   0.80000   3.70000   0.00030
   0.80000   3.80000   0.00044
   0.80000   3.90000   0.00044
   0.80000   4.00000   0.00042
   0.80000   4.10000   0.00042
   0.80000   4.20000   0.00033
   0.80000   4.30000   0.00051
   0.80000   4.40000   0.00036
   0.80000   4.50000   0.00040
   0.80000   4.60000   0.00040
   0.80000   4.70000   0.00039
   0.80000   4.80000   0.00032
   0.80000   4.90000   0.00066
   0.80000   5.00000   0.00041
   0.80000   5.10000   0.00062
   0.80000   5.20000   0.00040
   0.80000   5.30000   0.00039
   0.80000   5.40000   0.00039
   0.80000   5.50000   0.00098
   0.80000   5.60000   0.00044
   0.80000   5.70000   0.00030
   0.80000   5.80000   0.00030
   0.80000   5.90000   0.00084
   0.80000   6.00000   0.00084
   0.90000   3.00000   0.00050
   0.90000   3.10000   0.00031
   0.90000   3.20000   0.00046
   0.90000   3.30000   0.00013
   0.90000   3.40000   0.00055
   0.90000   3.50000   0.00055
   0.90000   3.60000   0.00045
   0.90000   3.70000   0.00021
   0.90000   3.80000   0.00058
   0.90000   3.90000   0.00058
   0.90000   4.00000   0.00058
   0.90000   4.10000   0.00031
   0.90000   4.20000   0.00059
   0.90000   4.30000   0.00047
   0.90000   4.40000   0.00046
   0.90000   4.50000   0.00046
   0.90000   4.60000   0.00046
   0.90000   4.70000   0.00075
   0.90000   4.80000   0.00046
   0.90000   4.90000   0.00029
   0.90000   5.00000   0.00050
   0.90000   5.10000   0.00032
   0.90000   5.20000   0.00049
   0.90000   5.30000   0.00049
   0.90000   5.40000   0.00049
   0.90000   5.50000   0.00045
   0.90000   5.60000   0.00045
   0.90000   5.70000   0.00045
   0.90000   5.80000   0.00052
   0.90000   5.90000   0.00052
   0.90000   6.00000   0.00052
   1.00000   3.00000   0.00055
   1.00000   3.10000   0.00064
   1.00000   3.20000   0.00046
   1.00000   3.30000   0.00049
