   0.00000   2.00000   0.00012
   0.00000   2.05000   0.00012
   0.00000   2.10000   0.00024
   0.00000   2.15000   0.00049
   0.00000   2.20000   0.00098
   0.00000   2.25000   0.01562
   0.00000   2.30000   0.07324
   0.00000   2.35000   0.12305
   0.00000   2.40000   0.17188
   0.00000   2.45000   0.21875
   0.00000   2.50000   0.26416
   0.00000   2.55000   0.30811
   0.00000   2.60000   0.35107
   0.00000   2.65000   0.39307
   0.00000   2.70000   0.43433
   0.00000   2.75000   0.47461
   0.00000   2.80000   0.51416
   0.00000   2.85000   0.55298
   0.00000   2.90000   0.59131
   0.00000   2.95000   0.62891
   0.00000   3.00000   0.66614
   0.00000   3.05000   0.70288
   0.00000   3.10000   0.73926
   0.00000   3.15000   0.77515
   0.00000   3.20000   0.81055
   0.00000   3.25000   0.84583
   0.00000   3.30000   0.88062
   0.00000   3.35000   0.91528
   0.00000   3.40000   0.94946
   0.00000   3.45000   0.98340
   0.00000   3.50000   1.01721
