   0.00000   2.23117
   0.05000   2.32192
   0.10000   2.41159
   0.15000   2.50008
   0.20000   2.58742
   0.25000   2.67363
   0.30000   2.75874
   0.35000   2.84279
   0.40000   2.92581
   0.45000   3.00784
   0.50000   3.08891
   0.55000   3.16905
   0.60000   3.24829
   0.65000   3.32668
   0.70000   3.40422
   0.75000   3.48096
   0.80000   3.55692
   0.85000   3.63212
   0.90000   3.70660
   0.95000   3.78036
   1.00000   3.85345
   1.05000   3.92587
   1.10000   3.99765
   1.15000   4.06881
   1.20000   4.13936
   1.25000   4.20933
   1.30000   4.27872
   1.35000   4.34757
   1.40000   4.41588
   1.45000   4.48366
   1.50000   4.55094
   1.55000   4.61772
   1.60000   4.68402
   1.65000   4.74985
   1.70000   4.81523
   1.75000   4.88015
   1.80000   4.94464
   1.85000   5.00871
   1.90000   5.07237
   1.95000   5.13561
   2.00000   5.19847
   2.05000   5.26094
   2.10000   5.32303
   2.15000   5.38475
   2.20000   5.44611
   2.25000   5.50711
   2.30000   5.56778
   2.35000   5.62810
   2.40000   5.68809
   2.45000   5.74775
   2.50000   5.80710
   2.55000   5.86614
   2.60000   5.92487
   2.65000   5.98330
   2.70000   6.04143
   2.75000   6.09928
   2.80000   6.15685
   2.85000   6.21413
   2.90000   6.27114
   2.95000   6.32789
