   0.00000   2.00000   0.07618
   0.00000   2.05000   0.09399
   0.00000   2.10000   0.11433
   0.00000   2.15000   0.13710
   0.00000   2.20000   0.16174
   0.00000   2.25000   0.18849
   0.00000   2.30000   0.21661
   0.00000   2.35000   0.24644
   0.00000   2.40000   0.27728
   0.00000   2.45000   0.30915
   0.00000   2.50000   0.34197
   0.00000   2.55000   0.37511
   0.00000   2.60000   0.40920
   0.00000   2.65000   0.44318
   0.00000   2.70000   0.47775
   0.00000   2.75000   0.51230
   0.00000   2.80000   0.54699
   0.00000   2.85000   0.58185
   0.00000   2.90000   0.61659
   0.00000   2.95000   0.65119
   0.00000   3.00000   0.68581
   0.00000   3.05000   0.72029
   0.00000   3.10000   0.75461
   0.00000   3.15000   0.78881
   0.00000   3.20000   0.82283
   0.00000   3.25000   0.85669
   0.00000   3.30000   0.89036
   0.00000   3.35000   0.92382
   0.00000   3.40000   0.95719
   0.00000   3.45000   0.99042
   0.00000   3.50000   1.02340
   0.05000   2.00000   0.07310
   0.05000   2.05000   0.09084
   0.05000   2.10000   0.11094
   0.05000   2.15000   0.13369
   0.05000   2.20000   0.15835
   0.05000   2.25000   0.18535
   0.05000   2.30000   0.21381
   0.05000   2.35000   0.24354
   0.05000   2.40000   0.27475
   0.05000   2.45000   0.30668
   0.05000   2.50000   0.33962
   0.05000   2.55000   0.37317
   0.05000   2.60000   0.40726
   0.05000   2.65000   0.44154
   0.05000   2.70000   0.47614
   0.05000   2.75000   0.51096
   0.05000   2.80000   0.54578
   0.05000   2.85000   0.58063
   0.05000   2.90000   0.61537
   0.05000   2.95000   0.65027
   0.05000   3.00000   0.68489
   0.05000   3.05000   0.71935
   0.05000   3.10000   0.75384
   0.05000   3.15000   0.78801
   0.05000   3.20000   0.82222
   0.05000   3.25000   0.85608
   0.05000   3.30000   0.88980
   0.05000   3.35000   0.92332
   0.05000   3.40000   0.95673
   0.05000   3.45000   0.98996
   0.05000   3.50000   1.02295
   0.10000   2.00000   0.06392
   0.10000   2.05000   0.08091
   0.10000   2.10000   0.10077
   0.10000   2.15000   0.12340
   0.10000   2.20000   0.14820
   0.10000   2.25000   0.17517
   0.10000   2.30000   0.20412
   0.10000   2.35000   0.23451
   0.10000   2.40000   0.26651
   0.10000   2.45000   0.29919
   0.10000   2.50000   0.33267
   0.10000   2.55000   0.36673
   0.10000   2.60000   0.40135
   0.10000   2.65000   0.43622
   0.10000   2.70000   0.47127
   0.10000   2.75000   0.50654
   0.10000   2.80000   0.54168
   0.10000   2.85000   0.57697
   0.10000   2.90000   0.61202
   0.10000   2.95000   0.64707
   0.10000   3.00000   0.68212
   0.10000   3.05000   0.71676
   0.10000   3.10000   0.75140
   0.10000   3.15000   0.78587
   0.10000   3.20000   0.82003
   0.10000   3.25000   0.85410
   0.10000   3.30000   0.88797
   0.10000   3.35000   0.92168
   0.10000   3.40000   0.95521
   0.10000   3.45000   0.98859
   0.10000   3.50000   1.02170
   0.15000   2.00000   0.04733
   0.15000   2.05000   0.06298
   0.15000   2.10000   0.08187
   0.15000   2.15000   0.10370
   0.15000   2.20000   0.12917
   0.15000   2.25000   0.15673
   0.15000   2.30000   0.18649
   0.15000   2.35000   0.21851
   0.15000   2.40000   0.25125
   0.15000   2.45000   0.28527
   0.15000   2.50000   0.32017
   0.15000   2.55000   0.35544
   0.15000   2.60000   0.39097
   0.15000   2.65000   0.42693
   0.15000   2.70000   0.46278
   0.15000   2.75000   0.49875
   0.15000   2.80000   0.53470
   0.15000   2.85000   0.57060
   0.15000   2.90000   0.60623
   0.15000   2.95000   0.64189
   0.15000   3.00000   0.67726
   0.15000   3.05000   0.71234
   0.15000   3.10000   0.74744
   0.15000   3.15000   0.78206
   0.15000   3.20000   0.81673
   0.15000   3.25000   0.85105
   0.15000   3.30000   0.88507
   0.15000   3.35000   0.91893
   0.15000   3.40000   0.95265
   0.15000   3.45000   0.98618
   0.15000   3.50000   1.01944
   0.20000   2.00000   0.02429
   0.20000   2.05000   0.03557
   0.20000   2.10000   0.05176
   0.20000   2.15000   0.07162
   0.20000   2.20000   0.09661
   0.20000   2.25000   0.12528
   0.20000   2.30000   0.15723
   0.20000   2.35000   0.19098
   0.20000   2.40000   0.22655
   0.20000   2.45000   0.26306
   0.20000   2.50000   0.29992
   0.20000   2.55000   0.33716
   0.20000   2.60000   0.37493
   0.20000   2.65000   0.41248
   0.20000   2.70000   0.44970
   0.20000   2.75000   0.48717
   0.20000   2.80000   0.52409
   0.20000   2.85000   0.56102
   0.20000   2.90000   0.59770
   0.20000   2.95000   0.63396
   0.20000   3.00000   0.67008
   0.20000   3.05000   0.70593
   0.20000   3.10000   0.74149
   0.20000   3.15000   0.77672
   0.20000   3.20000   0.81169
   0.20000   3.25000   0.84637
   0.20000   3.30000   0.88080
   0.20000   3.35000   0.91508
   0.20000   3.40000   0.94899
   0.20000   3.45000   0.98282
   0.20000   3.50000   1.01636
   0.25000   2.00000   0.00006
   0.25000   2.05000   0.00586
   0.25000   2.10000   0.01099
   0.25000   2.15000   0.02148
   0.25000   2.20000   0.03845
   0.25000   2.25000   0.06622
   0.25000   2.30000   0.10216
   0.25000   2.35000   0.14172
   0.25000   2.40000   0.18359
   0.25000   2.45000   0.22606
   0.25000   2.50000   0.26771
   0.25000   2.55000   0.30930
   0.25000   2.60000   0.35030
   0.25000   2.65000   0.39100
   0.25000   2.70000   0.43076
   0.25000   2.75000   0.47027
   0.25000   2.80000   0.50914
   0.25000   2.85000   0.54766
   0.25000   2.90000   0.58569
   0.25000   2.95000   0.62329
   0.25000   3.00000   0.66033
   0.25000   3.05000   0.69707
   0.25000   3.10000   0.73338
   0.25000   3.15000   0.76940
   0.25000   3.20000   0.80494
   0.25000   3.25000   0.84017
   0.25000   3.30000   0.87515
   0.25000   3.35000   0.90978
   0.25000   3.40000   0.94422
   0.25000   3.45000   0.97828
   0.25000   3.50000   1.01224
   0.30000   2.00000   0.00006
   0.30000   2.05000   0.00012
   0.30000   2.10000   0.00012
   0.30000   2.15000   0.00012
   0.30000   2.20000   0.00024
   0.30000   2.25000   0.00024
   0.30000   2.30000   0.00049
   0.30000   2.35000   0.00098
   0.30000   2.40000   0.03125
   0.30000   2.45000   0.14415
   0.30000   2.50000   0.20681
   0.30000   2.55000   0.26102
   0.30000   2.60000   0.31100
   0.30000   2.65000   0.35787
   0.30000   2.70000   0.40269
   0.30000   2.75000   0.44607
   0.30000   2.80000   0.48815
   0.30000   2.85000   0.52910
   0.30000   2.90000   0.56928
   0.30000   2.95000   0.60853
   0.30000   3.00000   0.64737
   0.30000   3.05000   0.68532
   0.30000   3.10000   0.72286
   0.30000   3.15000   0.75976
   0.30000   3.20000   0.79624
   0.30000   3.25000   0.83224
   0.30000   3.30000   0.86798
   0.30000   3.35000   0.90322
   0.30000   3.40000   0.93800
   0.30000   3.45000   0.97272
   0.30000   3.50000   1.00693
   0.35000   2.00000   0.00006
   0.35000   2.05000   0.00006
   0.35000   2.10000   0.00006
   0.35000   2.15000   0.00012
   0.35000   2.20000   0.00012
   0.35000   2.25000   0.00012
   0.35000   2.30000   0.00012
   0.35000   2.35000   0.00024
   0.35000   2.40000   0.00024
   0.35000   2.45000   0.00049
   0.35000   2.50000   0.00098
   0.35000   2.55000   0.00415
