   0.00000   2.23119
   0.00100   2.23287
   0.00200   2.23470
   0.00300   2.23653
   0.00400   2.23836
   0.00500   2.24019
   0.00600   2.24201
   0.00700   2.24384
   0.00800   2.24567
   0.00900   2.24749
   0.01000   2.24932
   0.01100   2.25114
   0.01200   2.25296
   0.01300   2.25479
   0.01400   2.25661
   0.01500   2.25843
   0.01600   2.26026
   0.01700   2.26208
   0.01800   2.26390
   0.01900   2.26572
   0.02000   2.26754
   0.02100   2.26936
   0.02200   2.27118
   0.02300   2.27300
   0.02400   2.27481
   0.02500   2.27663
   0.02600   2.27845
   0.02700   2.28027
   0.02800   2.28208
   0.02900   2.28390
   0.03000   2.28571
   0.03100   2.28753
   0.03200   2.28934
   0.03300   2.29116
   0.03400   2.29297
   0.03500   2.29478
   0.03600   2.29660
   0.03700   2.29841
   0.03800   2.30022
   0.03900   2.30203
   0.04000   2.30384
   0.04100   2.30565
   0.04200   2.30746
   0.04300   2.30927
   0.04400   2.31108
   0.04500   2.31289
   0.04600   2.31469
   0.04700   2.31650
   0.04800   2.31831
   0.04900   2.32011
   0.05000   2.32192
   0.05100   2.32372
   0.05200   2.32553
   0.05300   2.32733
   0.05400   2.32914
   0.05500   2.33094
   0.05600   2.33274
   0.05700   2.33454
   0.05800   2.33635
   0.05900   2.33815
   0.06000   2.33995
   0.06100   2.34175
   0.06200   2.34355
   0.06300   2.34535
   0.06400   2.34715
   0.06500   2.34895
   0.06600   2.35074
   0.06700   2.35254
   0.06800   2.35434
   0.06900   2.35613
   0.07000   2.35793
   0.07100   2.35973
   0.07200   2.36152
   0.07300   2.36332
   0.07400   2.36511
   0.07500   2.36690
   0.07600   2.36870
   0.07700   2.37049
   0.07800   2.37228
   0.07900   2.37407
   0.08000   2.37587
   0.08100   2.37766
   0.08200   2.37945
   0.08300   2.38124
   0.08400   2.38303
   0.08500   2.38481
   0.08600   2.38660
   0.08700   2.38839
   0.08800   2.39018
   0.08900   2.39197
   0.09000   2.39375
   0.09100   2.39554
   0.09200   2.39732
   0.09300   2.39911
   0.09400   2.40089
   0.09500   2.40268
   0.09600   2.40446
   0.09700   2.40624
   0.09800   2.40803
   0.09900   2.40981
