   0.00000   2.00000   0.00195
   0.00000   2.05000   0.01172
   0.00000   2.10000   0.02246
   0.00000   2.15000   0.03809
   0.00000   2.20000   0.05960
   0.00000   2.25000   0.08887
   0.00000   2.30000   0.12257
   0.00000   2.35000   0.16099
   0.00000   2.40000   0.20087
   0.00000   2.45000   0.24148
   0.00000   2.50000   0.28237
   0.00000   2.55000   0.32310
   0.00000   2.60000   0.36355
   0.00000   2.65000   0.40341
   0.00000   2.70000   0.44293
   0.00000   2.75000   0.48194
   0.00000   2.80000   0.52035
   0.00000   2.85000   0.55832
   0.00000   2.90000   0.59584
   0.00000   2.95000   0.63306
   0.00000   3.00000   0.66968
   0.00000   3.05000   0.70599
   0.00000   3.10000   0.74182
   0.00000   3.15000   0.77746
   0.00000   3.20000   0.81281
   0.00000   3.25000   0.84775
   0.00000   3.30000   0.88239
   0.00000   3.35000   0.91672
   0.00000   3.40000   0.95074
   0.00000   3.45000   0.98462
   0.00000   3.50000   1.01834
   0.05000   2.00000   0.00012
   0.05000   2.05000   0.00391
   0.05000   2.10000   0.01465
   0.05000   2.15000   0.02734
   0.05000   2.20000   0.04785
   0.05000   2.25000   0.07655
   0.05000   2.30000   0.11240
   0.05000   2.35000   0.15212
   0.05000   2.40000   0.19406
   0.05000   2.45000   0.23589
   0.05000   2.50000   0.27772
   0.05000   2.55000   0.31944
   0.05000   2.60000   0.36031
   0.05000   2.65000   0.40073
   0.05000   2.70000   0.44049
   0.05000   2.75000   0.47976
   0.05000   2.80000   0.51854
   0.05000   2.85000   0.55680
   0.05000   2.90000   0.59446
   0.05000   2.95000   0.63168
   0.05000   3.00000   0.66861
   0.05000   3.05000   0.70491
   0.05000   3.10000   0.74091
   0.05000   3.15000   0.77664
   0.05000   3.20000   0.81204
   0.05000   3.25000   0.84698
   0.05000   3.30000   0.88167
   0.05000   3.35000   0.91611
   0.05000   3.40000   0.95029
   0.05000   3.45000   0.98416
   0.05000   3.50000   1.01776
   0.10000   2.00000   0.00012
   0.10000   2.05000   0.00024
   0.10000   2.10000   0.00024
   0.10000   2.15000   0.00049
   0.10000   2.20000   0.00195
   0.10000   2.25000   0.01953
   0.10000   2.30000   0.06433
   0.10000   2.35000   0.11824
   0.10000   2.40000   0.16859
   0.10000   2.45000   0.21650
   0.10000   2.50000   0.26264
   0.10000   2.55000   0.30696
   0.10000   2.60000   0.34990
   0.10000   2.65000   0.39219
   0.10000   2.70000   0.43317
   0.10000   2.75000   0.47341
   0.10000   2.80000   0.51302
   0.10000   2.85000   0.55192
   0.10000   2.90000   0.59004
   0.10000   2.95000   0.62787
   0.10000   3.00000   0.66509
   0.10000   3.05000   0.70185
   0.10000   3.10000   0.73816
   0.10000   3.15000   0.77411
   0.10000   3.20000   0.80965
   0.10000   3.25000   0.84485
   0.10000   3.30000   0.87979
   0.10000   3.35000   0.91432
   0.10000   3.40000   0.94861
   0.10000   3.45000   0.98264
   0.10000   3.50000   1.01636
   0.15000   2.00000   0.00006
   0.15000   2.05000   0.00012
   0.15000   2.10000   0.00012
   0.15000   2.15000   0.00012
   0.15000   2.20000   0.00024
   0.15000   2.25000   0.00024
   0.15000   2.30000   0.00024
   0.15000   2.35000   0.00049
   0.15000   2.40000   0.00195
   0.15000   2.45000   0.16461
   0.15000   2.50000   0.22822
   0.15000   2.55000   0.28154
   0.15000   2.60000   0.33008
   0.15000   2.65000   0.37573
   0.15000   2.70000   0.41976
   0.15000   2.75000   0.46195
   0.15000   2.80000   0.50311
   0.15000   2.85000   0.54337
   0.15000   2.90000   0.58257
   0.15000   2.95000   0.62116
   0.15000   3.00000   0.65914
   0.15000   3.05000   0.69652
   0.15000   3.10000   0.73346
   0.15000   3.15000   0.76978
   0.15000   3.20000   0.80579
   0.15000   3.25000   0.84134
   0.15000   3.30000   0.87648
   0.15000   3.35000   0.91138
   0.15000   3.40000   0.94586
   0.15000   3.45000   0.98004
   0.15000   3.50000   1.01407
   0.20000   2.00000   0.00006
   0.20000   2.05000   0.00006
   0.20000   2.10000   0.00012
   0.20000   2.15000   0.00012
   0.20000   2.20000   0.00012
   0.20000   2.25000   0.00012
   0.20000   2.30000   0.00024
   0.20000   2.35000   0.00024
   0.20000   2.40000   0.00024
   0.20000   2.45000   0.00049
   0.20000   2.50000   0.00195
   0.20000   2.55000   0.21870
   0.20000   2.60000   0.29107
   0.20000   2.65000   0.34727
   0.20000   2.70000   0.39717
   0.20000   2.75000   0.44344
   0.20000   2.80000   0.48756
   0.20000   2.85000   0.53000
   0.20000   2.90000   0.57113
   0.20000   2.95000   0.61124
   0.20000   3.00000   0.65029
   0.20000   3.05000   0.68874
   0.20000   3.10000   0.72644
   0.20000   3.15000   0.76352
   0.20000   3.20000   0.79995
   0.20000   3.25000   0.83615
   0.20000   3.30000   0.87170
   0.20000   3.35000   0.90695
   0.20000   3.40000   0.94189
   0.20000   3.45000   0.97638
   0.20000   3.50000   1.01071
   0.25000   2.00000   0.00006
   0.25000   2.05000   0.00006
   0.25000   2.10000   0.00006
   0.25000   2.15000   0.00006
   0.25000   2.20000   0.00012
   0.25000   2.25000   0.00012
   0.25000   2.30000   0.00012
   0.25000   2.35000   0.00012
   0.25000   2.40000   0.00024
   0.25000   2.45000   0.00024
   0.25000   2.50000   0.00049
   0.25000   2.55000   0.00049
   0.25000   2.60000   0.00195
   0.25000   2.65000   0.28264
   0.25000   2.70000   0.35643
   0.25000   2.75000   0.41334
   0.25000   2.80000   0.46368
   0.25000   2.85000   0.51049
   0.25000   2.90000   0.55466
   0.25000   2.95000   0.59706
   0.25000   3.00000   0.63793
   0.25000   3.05000   0.67775
   0.25000   3.10000   0.71665
   0.25000   3.15000   0.75482
   0.25000   3.20000   0.79216
   0.25000   3.25000   0.82913
   0.25000   3.30000   0.86534
   0.25000   3.35000   0.90115
   0.25000   3.40000   0.93655
   0.25000   3.45000   0.97150
   0.25000   3.50000   1.00613
   0.30000   2.00000   0.00006
   0.30000   2.05000   0.00006
   0.30000   2.10000   0.00006
   0.30000   2.15000   0.00006
   0.30000   2.20000   0.00006
   0.30000   2.25000   0.00012
   0.30000   2.30000   0.00012
   0.30000   2.35000   0.00012
   0.30000   2.40000   0.00012
   0.30000   2.45000   0.00024
   0.30000   2.50000   0.00024
   0.30000   2.55000   0.00024
   0.30000   2.60000   0.00049
   0.30000   2.65000   0.00098
   0.30000   2.70000   0.00391
   0.30000   2.75000   0.35085
   0.30000   2.80000   0.42315
   0.30000   2.85000   0.47977
   0.30000   2.90000   0.53005
   0.30000   2.95000   0.57665
   0.30000   3.00000   0.62070
   0.30000   3.05000   0.66295
   0.30000   3.10000   0.70369
   0.30000   3.15000   0.74335
   0.30000   3.20000   0.78214
   0.30000   3.25000   0.81998
   0.30000   3.30000   0.85706
   0.30000   3.35000   0.89368
   0.30000   3.40000   0.92969
   0.30000   3.45000   0.96524
   0.30000   3.50000   1.00037
   0.35000   2.00000   0.00006
   0.35000   2.05000   0.00006
   0.35000   2.10000   0.00006
   0.35000   2.15000   0.00006
   0.35000   2.20000   0.00006
   0.35000   2.25000   0.00006
   0.35000   2.30000   0.00012
   0.35000   2.35000   0.00012
   0.35000   2.40000   0.00012
   0.35000   2.45000   0.00012
   0.35000   2.50000   0.00012
   0.35000   2.55000   0.00024
   0.35000   2.60000   0.00024
   0.35000   2.65000   0.00049
   0.35000   2.70000   0.00049
   0.35000   2.75000   0.00098
   0.35000   2.80000   0.12791
   0.35000   2.85000   0.42079
   0.35000   2.90000   0.49026
   0.35000   2.95000   0.54623
   0.35000   3.00000   0.59616
   0.35000   3.05000   0.64251
   0.35000   3.10000   0.68629
   0.35000   3.15000   0.72825
   0.35000   3.20000   0.76886
   0.35000   3.25000   0.80823
   0.35000   3.30000   0.84647
   0.35000   3.35000   0.88422
   0.35000   3.40000   0.92114
   0.35000   3.45000   0.95746
   0.35000   3.50000   0.99332
   0.40000   2.00000   0.00006
   0.40000   2.05000   0.00006
   0.40000   2.10000   0.00006
   0.40000   2.15000   0.00006
   0.40000   2.20000   0.00006
   0.40000   2.25000   0.00006
   0.40000   2.30000   0.00006
   0.40000   2.35000   0.00012
   0.40000   2.40000   0.00012
   0.40000   2.45000   0.00012
   0.40000   2.50000   0.00012
   0.40000   2.55000   0.00012
   0.40000   2.60000   0.00024
   0.40000   2.65000   0.00024
   0.40000   2.70000   0.00024
   0.40000   2.75000   0.00049
   0.40000   2.80000   0.00098
   0.40000   2.85000   0.00195
   0.40000   2.90000   0.31790
   0.40000   2.95000   0.49172
   0.40000   3.00000   0.55811
   0.40000   3.05000   0.61293
   0.40000   3.10000   0.66218
   0.40000   3.15000   0.70796
   0.40000   3.20000   0.75146
   0.40000   3.25000   0.79293
   0.40000   3.30000   0.83325
   0.40000   3.35000   0.87231
   0.40000   3.40000   0.91046
   0.40000   3.45000   0.94785
   0.40000   3.50000   0.98447
   0.45000   2.00000   0.00003
   0.45000   2.05000   0.00006
   0.45000   2.10000   0.00006
   0.45000   2.15000   0.00006
   0.45000   2.20000   0.00006
   0.45000   2.25000   0.00006
   0.45000   2.30000   0.00006
   0.45000   2.35000   0.00006
   0.45000   2.40000   0.00012
   0.45000   2.45000   0.00012
   0.45000   2.50000   0.00012
   0.45000   2.55000   0.00012
   0.45000   2.60000   0.00012
   0.45000   2.65000   0.00024
   0.45000   2.70000   0.00024
   0.45000   2.75000   0.00024
   0.45000   2.80000   0.00049
   0.45000   2.85000   0.00049
   0.45000   2.90000   0.00098
   0.45000   2.95000   0.00391
   0.45000   3.00000   0.46469
   0.45000   3.05000   0.56282
   0.45000   3.10000   0.62573
   0.45000   3.15000   0.67942
   0.45000   3.20000   0.72775
   0.45000   3.25000   0.77294
   0.45000   3.30000   0.81601
   0.45000   3.35000   0.85715
   0.45000   3.40000   0.89703
   0.45000   3.45000   0.93594
   0.45000   3.50000   0.97379
   0.50000   2.00000   0.00003
   0.50000   2.05000   0.00006
   0.50000   2.10000   0.00006
   0.50000   2.15000   0.00006
   0.50000   2.20000   0.00006
   0.50000   2.25000   0.00006
   0.50000   2.30000   0.00006
   0.50000   2.35000   0.00006
   0.50000   2.40000   0.00006
   0.50000   2.45000   0.00012
   0.50000   2.50000   0.00012
   0.50000   2.55000   0.00012
   0.50000   2.60000   0.00012
   0.50000   2.65000   0.00012
   0.50000   2.70000   0.00012
   0.50000   2.75000   0.00024
   0.50000   2.80000   0.00024
   0.50000   2.85000   0.00024
   0.50000   2.90000   0.00049
   0.50000   2.95000   0.00049
   0.50000   3.00000   0.00195
